seq,pitch,roll,yaw,xVelocity,yVelocity,zVelocity,altitude
58587,13.485,9.558,5.404,0,0,0,0
58588,13.479,9.551,5.438,0,0,0,0
58589,13.49,9.559,5.45,0,0,0,0
58590,13.499,9.557,5.453,0,0,0,0
58591,13.497,9.554,5.449,0,0,0,0
58592,13.501,9.561,5.441,0,0,0,0
58593,13.499,9.557,5.448,0,0,0,0
58594,13.501,9.541,5.456,0,0,0,0
58595,13.505,9.55,5.462,0,0,0,0
58596,13.514,9.56,5.461,0,0,0,0
58597,13.517,9.559,5.462,0,0,0,0
58598,13.518,9.559,5.487,0,0,0,0
58599,13.521,9.562,5.513,0,0,0,0
58600,13.522,9.564,5.533,0,0,0,0
58601,13.522,9.567,5.545,0,0,0,0
58602,13.518,9.574,5.551,0,0,0,0
58603,13.516,9.565,5.559,0,0,0,0
58604,13.516,9.566,5.574,0,0,0,0
58605,13.517,9.566,5.587,0,0,0,0
58606,13.524,9.566,5.595,0,0,0,0
58607,13.521,9.568,5.598,0,0,0,0
58608,13.509,9.566,5.616,0,0,0,0
58609,13.504,9.567,5.618,0,0,0,0
58610,13.513,9.572,5.625,0,0,0,0
58611,13.534,9.572,5.658,0,0,0,0
58612,13.527,9.591,5.707,0,0,0,0
58613,13.5,9.629,5.743,0,0,0,0
58614,13.521,9.766,5.692,0,0,0,0
58615,13.522,9.855,5.6,0,0,0,0
58616,13.575,9.778,5.682,0,0,0,0
58617,13.602,9.602,5.749,0,0,0,0
58618,13.643,9.691,5.612,0,0,0,0
58619,13.68,9.661,5.474,0,0,0,0
58620,13.609,9.545,5.52,0,0,0,0
58621,13.561,9.556,5.653,0,0,0,0
58622,13.58,9.634,5.746,0,0,0,0
58623,13.604,9.646,5.752,0,0,0,0
58624,13.623,9.631,5.714,0,0,0,0
58625,13.641,9.66,5.699,0,0,0,0
58626,13.626,9.663,5.71,0,0,0,0
58627,13.617,9.641,5.76,0,0,0,0
58628,13.611,9.637,5.785,0,0,0,0
58629,13.613,9.657,5.749,0,0,0,0
58630,13.631,9.679,5.728,0,0,0,0
58631,13.628,9.682,5.737,0,0,0,0
58632,13.622,9.659,5.764,0,0,0,0
58633,13.618,9.647,5.77,0,0,0,0
58634,13.62,9.649,5.754,0,0,0,0
58635,13.628,9.638,5.757,0,0,0,0
58636,13.632,9.618,5.796,0,0,0,0
58637,13.619,9.599,5.841,0,0,0,0
58638,13.619,9.615,5.901,0,0,0,0
58639,13.623,9.623,5.927,0,0,0,0
58640,13.641,9.637,5.966,0,0,0,0
58641,13.655,9.629,5.972,0,0,0,0
58642,13.663,9.628,5.965,0,0,0,0
58643,13.652,9.631,5.952,0,0,0,0
58644,13.639,9.623,5.965,0,0,0,0
58645,13.637,9.632,5.998,0,0,0,0
58646,13.636,9.636,6.017,0,0,0,0
58647,13.631,9.629,6.02,0,0,0,0
58648,13.631,9.643,6.022,0,0,0,0
58649,13.631,9.637,6.022,0,0,0,0
58650,13.628,9.631,6.035,0,0,0,0
58651,13.625,9.634,6.047,0,0,0,0
58652,13.625,9.624,6.062,0,0,0,0
58653,13.618,9.621,6.094,0,0,0,0
58654,13.616,9.64,6.101,0,0,0,0
58655,13.637,9.64,6.116,0,0,0,0
58656,13.634,9.631,6.127,0,0,0,0
58657,13.633,9.615,6.119,0,0,0,0
58658,13.629,9.608,6.112,0,0,0,0
58659,13.625,9.604,6.115,0,0,0,0
58660,13.614,9.591,6.121,0,0,0,0
58661,13.606,9.596,6.138,0,0,0,0
58662,13.609,9.594,6.14,0,0,0,0
58663,13.614,9.588,6.142,0,0,0,0
58664,13.611,9.582,6.146,0,0,0,0
58665,13.609,9.582,6.15,0,0,0,0
58666,13.608,9.576,6.171,0,0,0,0
58667,13.612,9.586,6.202,0,0,0,0
58668,13.615,9.596,6.224,0,0,0,0
58669,13.619,9.6,6.244,0,0,0,0
58670,13.625,9.612,6.259,0,0,0,0
58671,13.623,9.586,6.277,0,0,0,0
58672,13.627,9.577,6.294,0,0,0,0
58673,13.637,9.589,6.276,0,0,0,0
58674,13.652,9.604,6.254,0,0,0,0
58675,13.655,9.585,6.249,0,0,0,0
58676,13.642,9.575,6.269,0,0,0,0
58677,13.641,9.567,6.284,0,0,0,0
58678,13.649,9.567,6.275,0,0,0,0
58679,13.651,9.57,6.252,0,0,0,0
58680,13.653,9.56,6.247,0,0,0,0
58682,13.642,9.539,6.337,0,0,0,0
58683,13.657,9.55,6.344,0,0,0,0
58684,13.66,9.563,6.285,0,0,0,0
58685,13.667,9.577,6.311,0,0,0,0
58686,13.674,9.536,6.341,0,0,0,0
58687,13.665,9.54,6.357,0,0,0,0
58688,13.664,9.571,6.342,0,0,0,0
58689,13.673,9.555,6.315,0,0,0,0
58690,13.683,9.549,6.289,0,0,0,0
58691,13.679,9.549,6.299,0,0,0,0
58692,13.666,9.502,6.3,0,0,0,0
58693,13.65,9.534,6.322,0,0,0,0
58694,13.64,9.596,6.373,0,0,0,0
58695,13.661,9.575,6.343,0,0,0,0
58696,13.667,9.557,6.335,0,0,0,0
58697,13.594,9.473,6.099,0,0,0,0
58698,13.123,9.467,5.722,0,0,0,0
58699,12.847,9.44,5.27,0,0,0,0
58700,12.757,9.468,5.228,0,0,0,0
58701,12.538,9.535,5.387,0,0,0,0
58702,12.426,9.502,5.47,0,0,0,0
58703,12.646,9.58,5.647,0,0,0,0
58704,13.604,9.598,5.769,0,0,0,0
58705,13.222,9.903,5.891,0,0,0,0
58706,13.462,9.788,6.081,0,0,0,0
58707,13.398,9.796,6.164,0,0,0,0
58708,13.791,9.689,6.199,0,0,0,0
58709,13.807,9.627,6.386,0,0,0,0
58710,13.867,9.632,6.588,0,0,0,0
58711,13.893,9.625,6.738,0,0,0,0
58712,13.878,9.622,6.847,0,0,0,0
58713,13.892,9.662,7.092,0,0,0,0
58714,13.968,9.732,7.373,0,0,0,0
58715,14.01,9.841,7.572,0,0,0,0
58716,14.068,9.872,7.637,0,0,0,0
58717,14.106,9.906,7.589,0,0,0,0
58718,14.07,9.889,7.539,0,0,0,0
58719,13.886,9.811,7.611,0,0,0,0
58720,13.971,9.736,7.629,0,0,0,0
58721,14.145,9.79,7.671,0,0,0,0
58722,14.387,9.824,7.665,0,0,0,0
58723,14.299,10.065,7.54,0,0,0,0
58724,14.437,10.132,7.459,0,0,0,0
58725,14.523,10.131,7.41,0,0,0,0
58726,14.525,10.059,7.287,0,0,0,0
58727,14.498,10.07,7.197,0,0,0,0
58728,14.552,10.21,7.062,0,0,0,0
58729,14.494,10.299,6.869,0,0,0,0
58730,14.254,10.263,6.833,0,0,0,0
58731,13.921,10.194,6.937,0,0,0,0
58732,14.032,9.84,6.665,0,0,0,0
58734,16.24,7.807,5.357,0,0,0,0
58735,16.935,7.198,5.357,0,0,0,0
58736,17.207,7.097,5.381,0,0,0,0
58737,17.388,7.663,5.583,0,0,0,0
58738,15.682,9.781,6.569,0,0,0,0
58739,15.237,10.591,6.429,0,0,0,0
58740,14.739,10.808,6.581,0,0,0,0
58741,14.751,10.787,6.567,0,0,0,0
58742,14.715,10.812,6.561,0,0,0,0
58743,14.751,10.811,6.589,0,0,0,0
58744,14.851,10.759,6.643,0,0,0,0
58745,14.993,10.682,6.603,0,0,0,0
58746,15.083,10.679,6.548,0,0,0,0
58747,15.18,10.66,6.477,0,0,0,0
58748,15.215,10.598,6.398,0,0,0,0
58749,15.204,10.624,6.419,0,0,0,0
58750,15.159,10.68,6.429,0,0,0,0
58751,15.151,10.711,6.444,0,0,0,0
58752,15.193,10.74,6.436,0,0,0,0
58753,15.231,10.76,6.348,0,0,0,0
58754,15.244,10.745,6.294,0,0,0,0
58755,15.212,10.745,6.322,0,0,0,0
58756,15.169,10.742,6.385,0,0,0,0
58757,15.171,10.761,6.465,0,0,0,0
58758,15.184,10.8,6.475,0,0,0,0
58759,15.192,10.821,6.422,0,0,0,0
58760,15.175,10.825,6.423,0,0,0,0
58761,15.153,10.837,6.456,0,0,0,0
58762,15.133,10.853,6.522,0,0,0,0
58763,15.127,10.877,6.548,0,0,0,0
58764,15.122,10.897,6.555,0,0,0,0
58765,15.08,10.931,6.575,0,0,0,0
58766,15.072,10.983,6.661,0,0,0,0
58767,15.08,11.016,6.753,0,0,0,0
58768,15.077,11.055,6.827,0,0,0,0
58769,15.128,11.132,6.874,0,0,0,0
58770,15.219,11.194,6.99,0,0,0,0
58771,15.231,11.202,7.016,0,0,0,0
58772,15.143,11.119,7.045,0,0,0,0
58773,14.909,11.264,7.294,0,0,0,0
58774,14.846,11.352,7.558,0,0,0,0
58775,15.008,11.49,7.833,0,0,0,0
58776,15.193,11.647,8.045,0,0,0,0
58777,15.659,11.867,8.528,0,0,0,0
58778,16.312,12.37,8.837,0,0,0,0
58779,16.35,12.566,8.798,0,0,0,0
58780,16.008,12.418,8.59,0,0,0,0
58781,15.899,12.565,8.407,0,0,0,0
58782,15.752,12.861,8.306,0,0,0,0
58783,15.83,13.592,8.567,0,0,0,0
58784,15.49,13.994,8.776,0,0,0,0
58785,15.188,14.257,9.019,0,0,0,0
58786,15.061,14.393,9.148,0,0,0,0
58787,15.197,14.365,9.122,0,0,0,0
58788,15.299,14.36,9.036,0,0,0,0
58789,15.255,14.366,8.95,0,0,0,0
58790,15.197,14.366,8.931,0,0,0,0
58791,15.075,14.416,8.949,0,0,0,0
58792,14.912,14.444,8.97,0,0,0,0
58793,14.672,14.502,9.006,0,0,0,0
58794,14.444,14.664,9.119,0,0,0,0
58795,13.815,15.016,9.218,0,0,0,0
58796,12.958,15.298,9.313,0,0,0,0
58797,12.093,15.613,9.484,0,0,0,0
58798,11.434,16.025,9.862,0,0,0,0
58799,11.729,16.037,9.899,0,0,0,0
58800,12.835,15.571,9.474,0,0,0,0
58801,13.364,15.337,8.973,0,0,0,0
58802,13.799,15.058,8.356,0,0,0,0
58803,13.95,14.935,7.928,0,0,0,0
58804,14.178,14.803,7.642,0,0,0,0
58805,14.433,14.751,7.42,0,0,0,0
58806,14.761,14.796,7.228,0,0,0,0
58807,15.227,15.019,7.068,0,0,0,0
58808,15.989,15.656,7,0,0,0,0
58809,16.973,16.527,6.91,0,0,0,0
58810,17.863,17.521,6.987,0,0,0,0
58811,18.328,18.358,7.326,0,0,0,0
58812,17.961,18.141,7.44,0,0,0,0
58813,17.787,18.149,7.75,0,0,0,0
58814,17.68,18.186,7.967,0,0,0,0
58815,17.602,18.199,8.085,0,0,0,0
58816,17.581,18.191,8.146,0,0,0,0
58817,17.598,18.242,8.207,0,0,0,0
58818,17.607,18.253,8.23,0,0,0,0
58819,17.631,18.318,8.26,0,0,0,0
58820,17.67,18.374,8.297,0,0,0,0
58821,17.701,18.392,8.306,0,0,0,0
58822,17.72,18.416,8.303,0,0,0,0
58823,17.739,18.432,8.311,0,0,0,0
58824,17.751,18.46,8.337,0,0,0,0
58825,17.773,18.471,8.35,0,0,0,0
58826,17.785,18.473,8.356,0,0,0,0
58827,17.801,18.48,8.349,0,0,0,0
58828,17.816,18.477,8.344,0,0,0,0
58829,17.828,18.479,8.352,0,0,0,0
58830,17.832,18.484,8.348,0,0,0,0
58831,17.845,18.491,8.342,0,0,0,0
58832,17.846,18.5,8.354,0,0,0,0
58833,17.84,18.507,8.363,0,0,0,0
58834,17.834,18.5,8.377,0,0,0,0
58835,17.818,18.518,8.41,0,0,0,0
58836,17.808,18.505,8.445,0,0,0,0
58837,17.809,18.518,8.504,0,0,0,0
58838,17.815,18.531,8.54,0,0,0,0
58839,17.817,18.556,8.555,0,0,0,0
58840,17.819,18.574,8.574,0,0,0,0
58841,17.82,18.585,8.589,0,0,0,0
58842,17.829,18.615,8.606,0,0,0,0
58843,17.826,18.621,8.637,0,0,0,0
58844,17.815,18.628,8.68,0,0,0,0
58845,17.808,18.635,8.715,0,0,0,0
58846,17.8,18.642,8.73,0,0,0,0
58847,17.808,18.653,8.746,0,0,0,0
58848,17.819,18.659,8.739,0,0,0,0
58849,17.822,18.67,8.74,0,0,0,0
58850,17.819,18.666,8.745,0,0,0,0
58851,17.823,18.645,8.748,0,0,0,0
58852,17.85,18.673,8.744,0,0,0,0
58853,17.859,18.689,8.749,0,0,0,0
58854,17.855,18.701,8.757,0,0,0,0
58855,17.841,18.713,8.782,0,0,0,0
58856,17.847,18.727,8.821,0,0,0,0
58857,17.855,18.722,8.835,0,0,0,0
58858,17.855,18.735,8.856,0,0,0,0
58859,17.849,18.75,8.879,0,0,0,0
58860,17.847,18.755,8.886,0,0,0,0
58861,17.844,18.749,8.892,0,0,0,0
58862,17.84,18.745,8.906,0,0,0,0
58863,17.852,18.744,8.916,0,0,0,0
58864,17.879,18.751,8.926,0,0,0,0
58865,17.902,18.755,8.93,0,0,0,0
58866,17.907,18.749,8.924,0,0,0,0
58867,17.908,18.763,8.926,0,0,0,0
58868,17.905,18.767,8.931,0,0,0,0
58869,17.915,18.799,8.956,0,0,0,0
58870,17.919,18.807,8.983,0,0,0,0
58871,17.93,18.817,9.014,0,0,0,0
58872,17.943,18.82,9.041,0,0,0,0
58873,17.95,18.825,9.058,0,0,0,0
58874,17.939,18.819,9.065,0,0,0,0
58875,17.95,18.817,9.074,0,0,0,0
58876,17.951,18.821,9.095,0,0,0,0
58877,17.965,18.817,9.116,0,0,0,0
58878,17.983,18.822,9.135,0,0,0,0
58879,17.999,18.824,9.137,0,0,0,0
58880,18.005,18.821,9.131,0,0,0,0
58881,17.993,18.815,9.125,0,0,0,0
58882,17.998,18.827,9.131,0,0,0,0
58883,17.997,18.817,9.139,0,0,0,0
58884,18.011,18.822,9.156,0,0,0,0
58885,18.017,18.812,9.162,0,0,0,0
58886,18.018,18.816,9.167,0,0,0,0
58887,18.021,18.811,9.161,0,0,0,0
58888,18.009,18.822,9.164,0,0,0,0
58889,18.012,18.835,9.18,0,0,0,0
58890,18.011,18.837,9.195,0,0,0,0
58891,18.011,18.829,9.212,0,0,0,0
58892,18.011,18.82,9.23,0,0,0,0
58893,18.008,18.823,9.25,0,0,0,0
58894,18.011,18.827,9.254,0,0,0,0
58895,18.008,18.839,9.263,0,0,0,0
58896,18.001,18.836,9.274,0,0,0,0
58897,17.988,18.831,9.291,0,0,0,0
58898,18.002,18.836,9.303,0,0,0,0
58899,18.017,18.83,9.313,0,0,0,0
58900,18.025,18.822,9.326,0,0,0,0
58901,18.021,18.818,9.331,0,0,0,0
58902,18.021,18.823,9.335,0,0,0,0
58903,18.013,18.839,9.347,0,0,0,0
58904,18.006,18.836,9.361,0,0,0,0
58905,18.007,18.833,9.369,0,0,0,0
58906,18.016,18.827,9.374,0,0,0,0
58907,18.017,18.821,9.386,0,0,0,0
58908,18.012,18.82,9.387,0,0,0,0
58909,18.017,18.848,9.399,0,0,0,0
58910,18.016,18.847,9.405,0,0,0,0
58911,18.025,18.845,9.415,0,0,0,0
58912,18.032,18.839,9.423,0,0,0,0
58913,18.037,18.845,9.435,0,0,0,0
58914,18.038,18.841,9.437,0,0,0,0
58915,18.037,18.839,9.438,0,0,0,0
58916,18.027,18.84,9.446,0,0,0,0
58917,18.024,18.826,9.451,0,0,0,0
58918,18.034,18.834,9.468,0,0,0,0
58919,18.037,18.822,9.477,0,0,0,0
58920,18.027,18.814,9.478,0,0,0,0
58921,18.021,18.817,9.487,0,0,0,0
58922,18.025,18.82,9.504,0,0,0,0
58923,18.022,18.813,9.51,0,0,0,0
58924,18.044,18.822,9.513,0,0,0,0
58925,18.056,18.823,9.52,0,0,0,0
58926,18.051,18.814,9.528,0,0,0,0
58927,18.043,18.818,9.542,0,0,0,0
58928,18.036,18.807,9.554,0,0,0,0
58929,18.037,18.813,9.576,0,0,0,0
58930,18.037,18.812,9.586,0,0,0,0
58931,18.04,18.803,9.586,0,0,0,0
58932,18.043,18.792,9.583,0,0,0,0
58934,18.014,18.793,9.601,0,0,0,0
58935,18.01,18.796,9.612,0,0,0,0
58936,18.017,18.79,9.617,0,0,0,0
58937,18.014,18.785,9.624,0,0,0,0
58938,18.006,18.781,9.637,0,0,0,0
58939,18.007,18.776,9.643,0,0,0,0
58940,18.007,18.775,9.649,0,0,0,0
58941,18,18.786,9.663,0,0,0,0
58943,18.019,18.777,9.691,0,0,0,0
58944,18.002,18.778,9.716,0,0,0,0
58945,17.985,18.78,9.735,0,0,0,0
58946,17.981,18.771,9.765,0,0,0,0
58947,18,18.788,9.792,0,0,0,0
58948,17.999,18.781,9.79,0,0,0,0
58949,18.013,18.788,9.782,0,0,0,0
58950,18.024,18.793,9.774,0,0,0,0
58951,18.023,18.781,9.761,0,0,0,0
58952,18.009,18.773,9.749,0,0,0,0
58953,18.001,18.768,9.737,0,0,0,0
58954,17.996,18.771,9.736,0,0,0,0
58955,18.009,18.778,9.736,0,0,0,0
58956,18.019,18.771,9.735,0,0,0,0
58957,18.011,18.783,9.747,0,0,0,0
58958,17.987,18.769,9.759,0,0,0,0
58959,17.974,18.781,9.788,0,0,0,0
58960,17.966,18.797,9.823,0,0,0,0
58961,17.975,18.794,9.827,0,0,0,0
58962,17.977,18.802,9.831,0,0,0,0
58963,17.965,18.787,9.825,0,0,0,0
58964,17.947,18.797,9.845,0,0,0,0
58965,17.938,18.794,9.873,0,0,0,0
58966,17.937,18.806,9.9,0,0,0,0
58967,17.944,18.8,9.916,0,0,0,0
58968,17.949,18.805,9.925,0,0,0,0
58969,17.946,18.826,9.931,0,0,0,0
58970,17.934,18.807,9.925,0,0,0,0
58971,17.931,18.816,9.938,0,0,0,0
58972,17.93,18.806,9.949,0,0,0,0
58973,17.921,18.81,9.967,0,0,0,0
58974,17.914,18.8,9.977,0,0,0,0
58975,17.907,18.786,9.976,0,0,0,0
58976,17.899,18.774,9.971,0,0,0,0
58977,17.898,18.778,9.979,0,0,0,0
58978,17.901,18.772,9.991,0,0,0,0
58979,17.906,18.784,10.008,0,0,0,0
58980,17.916,18.791,10.02,0,0,0,0
58981,17.92,18.793,10.029,0,0,0,0
58982,17.917,18.785,10.035,0,0,0,0
58983,17.917,18.783,10.04,0,0,0,0
58984,17.921,18.8,10.042,0,0,0,0
58985,17.918,18.799,10.042,0,0,0,0
58986,17.916,18.802,10.052,0,0,0,0
58987,17.908,18.795,10.063,0,0,0,0
58988,17.904,18.794,10.081,0,0,0,0
58989,17.902,18.78,10.091,0,0,0,0
58990,17.905,18.776,10.104,0,0,0,0
58991,17.908,18.76,10.119,0,0,0,0
58992,17.902,18.733,10.122,0,0,0,0
58993,17.879,18.749,10.148,0,0,0,0
58994,17.851,18.728,10.163,0,0,0,0
58995,17.849,18.729,10.177,0,0,0,0
58996,17.851,18.741,10.186,0,0,0,0
58997,17.825,18.738,10.109,0,0,0,0
58998,17.825,18.753,10.034,0,0,0,0
58999,17.835,18.78,10.063,0,0,0,0
59000,17.777,18.747,10.051,0,0,0,0
59001,17.716,18.737,10.077,0,0,0,0
59002,17.695,18.724,10.165,0,0,0,0
59003,17.633,18.698,10.157,0,0,0,0
59004,17.644,18.775,10.208,0,0,0,0
59005,17.61,18.72,10.187,0,0,0,0
59006,17.624,18.758,10.281,0,0,0,0
59007,17.693,18.789,10.423,0,0,0,0
59008,17.785,18.776,10.406,0,0,0,0
59009,17.893,18.891,10.298,0,0,0,0
59010,17.959,18.928,10.116,0,0,0,0
59011,17.989,18.917,9.97,0,0,0,0
59012,18.053,18.909,9.979,0,0,0,0
59013,18.029,18.86,9.973,0,0,0,0
59014,18.013,18.892,9.998,0,0,0,0
59015,17.994,18.902,10.026,0,0,0,0
59016,18.003,18.882,10.036,0,0,0,0
59017,18.017,18.878,9.997,0,0,0,0
59018,17.977,18.863,9.93,0,0,0,0
59019,17.865,18.842,9.884,0,0,0,0
59020,17.533,18.677,9.778,0,0,0,0
59021,17.282,18.56,9.671,0,0,0,0
59022,17.102,18.428,9.571,0,0,0,0
59023,16.986,18.366,9.496,0,0,0,0
59024,16.899,18.279,9.438,0,0,0,0
59025,16.827,18.208,9.405,0,0,0,0
59026,16.773,18.14,9.37,0,0,0,0
59027,16.73,18.08,9.375,0,0,0,0
59028,16.823,18.171,9.507,0,0,0,0
59029,16.988,18.474,9.606,0,0,0,0
59030,17.024,18.513,9.723,0,0,0,0
59031,17.047,18.539,9.757,0,0,0,0
59032,17.112,18.584,9.717,0,0,0,0
59033,17.153,18.573,9.627,0,0,0,0
59034,17.182,18.557,9.578,0,0,0,0
59035,17.191,18.555,9.587,0,0,0,0
59036,17.185,18.546,9.608,0,0,0,0
59037,17.197,18.532,9.63,0,0,0,0
59038,17.223,18.52,9.634,0,0,0,0
59039,17.301,18.572,9.647,0,0,0,0
59040,17.357,18.604,9.648,0,0,0,0
59041,17.387,18.662,9.671,0,0,0,0
59042,17.399,18.685,9.677,0,0,0,0
59043,17.404,18.69,9.67,0,0,0,0
59044,17.409,18.681,9.661,0,0,0,0
59045,17.399,18.681,9.666,0,0,0,0
59046,17.406,18.674,9.685,0,0,0,0
59047,17.412,18.663,9.686,0,0,0,0
59048,17.412,18.657,9.683,0,0,0,0
59049,17.403,18.654,9.693,0,0,0,0
59050,17.386,18.653,9.714,0,0,0,0
59051,17.369,18.658,9.746,0,0,0,0
59052,17.366,18.658,9.774,0,0,0,0
59053,17.357,18.645,9.788,0,0,0,0
59054,17.352,18.64,9.793,0,0,0,0
59056,17.35,18.646,9.788,0,0,0,0
59057,17.366,18.653,9.784,0,0,0,0
59058,17.378,18.648,9.777,0,0,0,0
59059,17.38,18.642,9.782,0,0,0,0
59060,17.374,18.625,9.785,0,0,0,0
59061,17.365,18.621,9.805,0,0,0,0
59062,17.372,18.627,9.819,0,0,0,0
59063,17.377,18.624,9.822,0,0,0,0
59064,17.369,18.625,9.828,0,0,0,0
59065,17.36,18.622,9.846,0,0,0,0
59066,17.361,18.629,9.861,0,0,0,0
59067,17.355,18.629,9.869,0,0,0,0
59068,17.355,18.622,9.881,0,0,0,0
59069,17.353,18.628,9.898,0,0,0,0
59070,17.359,18.637,9.911,0,0,0,0
59071,17.355,18.647,9.921,0,0,0,0
59072,17.346,18.651,9.934,0,0,0,0
59073,17.342,18.654,9.949,0,0,0,0
59074,17.338,18.656,9.965,0,0,0,0
59075,17.341,18.655,9.983,0,0,0,0
59076,17.348,18.646,9.991,0,0,0,0
59077,17.345,18.647,9.994,0,0,0,0
59078,17.335,18.644,10.002,0,0,0,0
59079,17.322,18.645,10.016,0,0,0,0
59080,17.318,18.631,10.027,0,0,0,0
59081,17.323,18.627,10.036,0,0,0,0
59082,17.318,18.619,10.039,0,0,0,0
59083,17.324,18.622,10.048,0,0,0,0
59084,17.322,18.62,10.059,0,0,0,0
59085,17.313,18.611,10.074,0,0,0,0
59086,17.317,18.606,10.092,0,0,0,0
59087,17.315,18.6,10.096,0,0,0,0
59088,17.314,18.595,10.102,0,0,0,0
59089,17.307,18.587,10.12,0,0,0,0
59090,17.302,18.573,10.136,0,0,0,0
59091,17.3,18.564,10.151,0,0,0,0
59092,17.295,18.558,10.16,0,0,0,0
59093,17.287,18.543,10.17,0,0,0,0
59094,17.287,18.538,10.178,0,0,0,0
59095,17.287,18.54,10.195,0,0,0,0
59096,17.282,18.53,10.212,0,0,0,0
59097,17.286,18.522,10.225,0,0,0,0
59098,17.298,18.52,10.232,0,0,0,0
59099,17.302,18.515,10.235,0,0,0,0
59100,17.279,18.53,10.249,0,0,0,0
59101,17.262,18.516,10.243,0,0,0,0
59102,17.251,18.528,10.234,0,0,0,0
59103,17.269,18.517,10.219,0,0,0,0
59104,17.269,18.525,10.234,0,0,0,0
59105,17.257,18.536,10.244,0,0,0,0
59106,17.248,18.524,10.231,0,0,0,0
59107,17.233,18.492,10.182,0,0,0,0
59108,17.214,18.46,10.182,0,0,0,0
59109,17.19,18.467,10.223,0,0,0,0
59110,17.154,18.438,10.279,0,0,0,0
59111,17.105,18.508,10.331,0,0,0,0
59112,17.077,18.414,10.361,0,0,0,0
59113,17.036,18.385,10.405,0,0,0,0
59114,17.035,18.378,10.465,0,0,0,0
59115,17.274,18.611,10.605,0,0,0,0
59116,17.495,18.844,10.652,0,0,0,0
59117,17.545,18.887,10.559,0,0,0,0
59118,17.511,18.842,10.542,0,0,0,0
59119,17.459,18.829,10.58,0,0,0,0
59120,17.445,18.83,10.689,0,0,0,0
59121,17.462,18.812,10.755,0,0,0,0
59122,17.478,18.805,10.767,0,0,0,0
59123,17.506,18.818,10.772,0,0,0,0
59124,17.526,18.833,10.783,0,0,0,0
59125,17.559,18.858,10.778,0,0,0,0
59126,17.603,18.9,10.743,0,0,0,0
59127,17.637,18.953,10.726,0,0,0,0
59128,17.668,18.993,10.739,0,0,0,0
59129,17.686,19.041,10.777,0,0,0,0
59130,17.695,19.06,10.815,0,0,0,0
59131,17.705,19.052,10.837,0,0,0,0
59132,17.716,19.05,10.867,0,0,0,0
59133,17.717,19.028,10.88,0,0,0,0
59134,17.705,19.029,10.902,0,0,0,0
59135,17.688,19.017,10.929,0,0,0,0
59136,17.675,18.997,10.967,0,0,0,0
59137,17.641,18.982,10.978,0,0,0,0
59138,17.679,19.005,10.951,0,0,0,0
59139,17.712,19.011,10.89,0,0,0,0
59140,17.756,19.004,10.826,0,0,0,0
59141,17.758,19.012,10.795,0,0,0,0
59142,17.741,19.002,10.801,0,0,0,0
59143,17.731,18.991,10.826,0,0,0,0
59144,17.737,18.971,10.838,0,0,0,0
59145,17.755,18.973,10.842,0,0,0,0
59146,17.763,18.974,10.83,0,0,0,0
59147,17.77,18.982,10.814,0,0,0,0
59148,17.767,18.976,10.798,0,0,0,0
59149,17.766,18.97,10.797,0,0,0,0
59150,17.774,18.96,10.803,0,0,0,0
59151,17.791,18.96,10.8,0,0,0,0
59152,17.814,18.956,10.774,0,0,0,0
59153,17.84,18.965,10.745,0,0,0,0
59155,17.823,18.962,10.706,0,0,0,0
59156,17.785,18.97,10.751,0,0,0,0
59157,17.749,18.959,10.801,0,0,0,0
59158,17.722,18.954,10.853,0,0,0,0
59159,17.716,18.977,10.91,0,0,0,0
59160,17.714,18.987,10.945,0,0,0,0
59161,17.713,19.001,10.974,0,0,0,0
59162,17.698,19.018,11.001,0,0,0,0
59163,17.696,19.034,11.028,0,0,0,0
59164,17.688,19.051,11.055,0,0,0,0
59165,17.675,19.06,11.081,0,0,0,0
59166,17.663,19.063,11.113,0,0,0,0
59167,17.646,19.076,11.147,0,0,0,0
59168,17.631,19.074,11.16,0,0,0,0
59169,17.634,19.067,11.164,0,0,0,0
59170,17.641,19.047,11.162,0,0,0,0
59171,17.652,19.033,11.158,0,0,0,0
59172,17.671,19.021,11.15,0,0,0,0
59173,17.686,19.02,11.146,0,0,0,0
59174,17.68,19.003,11.135,0,0,0,0
59175,17.678,18.999,11.126,0,0,0,0
59176,17.675,18.999,11.12,0,0,0,0
59177,17.667,19.001,11.138,0,0,0,0
59178,17.656,19.001,11.157,0,0,0,0
59179,17.652,19.013,11.188,0,0,0,0
59180,17.658,19.018,11.212,0,0,0,0
59181,17.67,19.025,11.228,0,0,0,0
59182,17.678,19.028,11.235,0,0,0,0
59183,17.678,19.026,11.242,0,0,0,0
59184,17.669,19.027,11.254,0,0,0,0
59185,17.648,19.043,11.273,0,0,0,0
59186,17.624,19.047,11.285,0,0,0,0
59187,17.601,19.056,11.289,0,0,0,0
59188,17.602,19.059,11.318,0,0,0,0
59189,17.614,19.061,11.349,0,0,0,0
59190,17.635,19.063,11.363,0,0,0,0
59191,17.648,19.068,11.376,0,0,0,0
59192,17.632,19.071,11.358,0,0,0,0
59193,17.605,19.066,11.365,0,0,0,0
59194,17.608,19.055,11.416,0,0,0,0
59195,17.61,19.058,11.428,0,0,0,0
59196,17.613,19.05,11.414,0,0,0,0
59197,17.612,19.048,11.436,0,0,0,0
59198,17.615,19.045,11.471,0,0,0,0
59250,17.692,19.001,11.967,0,0,0,0
59251,17.694,19.002,11.969,0,0,0,0
59252,17.692,19.003,11.969,0,0,0,0
59253,17.69,19.018,11.979,0,0,0,0
59254,17.68,19.012,11.988,0,0,0,0
59255,17.675,19.008,11.998,0,0,0,0
59256,17.678,19.002,12.005,0,0,0,0
59257,17.687,19,12.011,0,0,0,0
59258,17.692,18.992,12.011,0,0,0,0
59259,17.69,18.988,12.016,0,0,0,0
59260,17.694,18.978,12.025,0,0,0,0
59261,17.695,18.972,12.024,0,0,0,0
59262,17.701,18.969,12.053,0,0,0,0
59263,17.703,18.972,12.086,0,0,0,0
59264,17.696,18.962,12.075,0,0,0,0
59265,17.695,18.961,12.055,0,0,0,0
59266,17.695,18.96,12.062,0,0,0,0
59267,17.689,18.959,12.106,0,0,0,0
59268,17.695,18.96,12.142,0,0,0,0
59269,17.703,18.971,12.142,0,0,0,0
59270,17.711,18.966,12.124,0,0,0,0
59271,17.711,18.967,12.122,0,0,0,0
59272,17.708,18.966,12.144,0,0,0,0
59273,17.707,18.963,12.165,0,0,0,0
59274,17.71,18.964,12.18,0,0,0,0
59275,17.713,18.961,12.182,0,0,0,0
59276,17.715,18.955,12.181,0,0,0,0
59277,17.718,18.958,12.186,0,0,0,0
59278,17.716,18.968,12.202,0,0,0,0
59279,17.717,18.968,12.215,0,0,0,0
59280,17.719,18.967,12.224,0,0,0,0
59281,17.725,18.963,12.242,0,0,0,0
59282,17.721,18.955,12.261,0,0,0,0
59283,17.711,18.954,12.25,0,0,0,0
59284,17.719,18.949,12.258,0,0,0,0
59285,17.743,18.959,12.286,0,0,0,0
59286,17.761,18.978,12.296,0,0,0,0
59287,17.765,18.999,12.285,0,0,0,0
59288,17.754,19,12.274,0,0,0,0
59289,17.741,18.994,12.269,0,0,0,0
59290,17.736,18.986,12.288,0,0,0,0
59291,17.753,18.994,12.316,0,0,0,0
59292,17.774,19.021,12.33,0,0,0,0
59293,17.8,19.066,12.315,0,0,0,0
59294,17.805,19.097,12.304,0,0,0,0
59295,17.79,19.073,12.318,0,0,0,0
59296,17.779,19.067,12.359,0,0,0,0
59297,17.789,19.06,12.387,0,0,0,0
59298,17.798,19.057,12.387,0,0,0,0
59299,17.803,19.054,12.385,0,0,0,0
59300,17.799,19.056,12.394,0,0,0,0
59301,17.795,19.044,12.402,0,0,0,0
59302,17.79,19.045,12.418,0,0,0,0
59303,17.8,19.047,12.444,0,0,0,0
59304,17.8,19.042,12.446,0,0,0,0
59305,17.804,19.047,12.455,0,0,0,0
59306,17.802,19.07,12.464,0,0,0,0
59307,17.816,19.082,12.471,0,0,0,0
59308,17.822,19.093,12.469,0,0,0,0
59309,17.819,19.104,12.467,0,0,0,0
59310,17.813,19.104,12.477,0,0,0,0
59311,17.806,19.109,12.506,0,0,0,0
59312,17.804,19.102,12.518,0,0,0,0
59313,17.804,19.089,12.509,0,0,0,0
59314,17.801,19.082,12.515,0,0,0,0
59315,17.794,19.07,12.54,0,0,0,0
59316,17.788,19.071,12.575,0,0,0,0
59317,17.797,19.084,12.581,0,0,0,0
59318,17.81,19.091,12.58,0,0,0,0
59319,17.811,19.103,12.587,0,0,0,0
59320,17.798,19.108,12.612,0,0,0,0
59321,17.789,19.108,12.635,0,0,0,0
59322,17.8,19.114,12.653,0,0,0,0
59323,17.804,19.118,12.669,0,0,0,0
59324,17.807,19.12,12.678,0,0,0,0
59325,17.81,19.127,12.683,0,0,0,0
59326,17.808,19.124,12.694,0,0,0,0
59327,17.803,19.129,12.716,0,0,0,0
59328,17.802,19.133,12.728,0,0,0,0
59329,17.808,19.129,12.73,0,0,0,0
59330,17.811,19.125,12.742,0,0,0,0
59331,17.813,19.119,12.753,0,0,0,0
59332,17.816,19.114,12.754,0,0,0,0
59333,17.82,19.117,12.753,0,0,0,0
59334,17.818,19.115,12.769,0,0,0,0
59335,17.815,19.112,12.784,0,0,0,0
59336,17.815,19.107,12.794,0,0,0,0
59337,17.815,19.105,12.795,0,0,0,0
59338,17.817,19.114,12.8,0,0,0,0
59339,17.81,19.114,12.813,0,0,0,0
59340,17.804,19.106,12.83,0,0,0,0
59341,17.801,19.099,12.839,0,0,0,0
59342,17.802,19.097,12.844,0,0,0,0
59343,17.806,19.105,12.855,0,0,0,0
59344,17.801,19.113,12.864,0,0,0,0
59345,17.796,19.119,12.875,0,0,0,0
59346,17.791,19.111,12.883,0,0,0,0
59347,17.79,19.104,12.89,0,0,0,0
59348,17.786,19.099,12.9,0,0,0,0
59349,17.786,19.095,12.915,0,0,0,0
59350,17.803,19.093,12.918,0,0,0,0
59351,17.814,19.098,12.91,0,0,0,0
59352,17.808,19.099,12.909,0,0,0,0
59353,17.792,19.095,12.923,0,0,0,0
59354,17.788,19.101,12.943,0,0,0,0
59355,17.787,19.097,12.951,0,0,0,0
59356,17.789,19.102,12.954,0,0,0,0
59357,17.793,19.1,12.962,0,0,0,0
59358,17.794,19.095,12.969,0,0,0,0
59359,17.806,19.122,12.991,0,0,0,0
59361,17.793,19.118,13.038,0,0,0,0
59362,17.807,19.128,13.049,0,0,0,0
59363,17.822,19.135,13.051,0,0,0,0
59364,17.826,19.145,13.048,0,0,0,0
59365,17.794,19.144,13.056,0,0,0,0
59366,17.76,19.136,13.078,0,0,0,0
59367,17.744,19.122,13.099,0,0,0,0
59368,17.74,19.115,13.111,0,0,0,0
59369,17.751,19.104,13.113,0,0,0,0
59370,17.753,19.111,13.11,0,0,0,0
59371,17.771,19.12,13.098,0,0,0,0
59372,17.784,19.127,13.084,0,0,0,0
59373,17.787,19.144,13.088,0,0,0,0
59374,17.778,19.133,13.096,0,0,0,0
59376,17.784,19.117,13.101,0,0,0,0
59377,17.786,19.121,13.107,0,0,0,0
59378,17.801,19.143,13.111,0,0,0,0
59379,17.804,19.162,13.107,0,0,0,0
59380,17.782,19.16,13.134,0,0,0,0
59381,17.747,19.157,13.188,0,0,0,0
59382,17.733,19.162,13.23,0,0,0,0
59383,17.754,19.158,13.235,0,0,0,0
59384,17.783,19.176,13.236,0,0,0,0
59385,17.769,19.186,13.268,0,0,0,0
59386,17.744,19.185,13.296,0,0,0,0
59387,17.733,19.176,13.321,0,0,0,0
59388,17.726,19.164,13.344,0,0,0,0
59389,17.729,19.166,13.37,0,0,0,0
59390,17.736,19.171,13.399,0,0,0,0
59391,17.734,19.189,13.435,0,0,0,0
59392,17.727,19.194,13.459,0,0,0,0
59393,17.707,19.191,13.465,0,0,0,0
59394,17.713,19.183,13.47,0,0,0,0
59395,17.724,19.184,13.494,0,0,0,0
59396,17.735,19.166,13.469,0,0,0,0
59397,17.744,19.158,13.437,0,0,0,0
59398,17.76,19.157,13.447,0,0,0,0
59399,17.774,19.169,13.458,0,0,0,0
59400,17.775,19.169,13.444,0,0,0,0
59401,17.766,19.155,13.425,0,0,0,0
59402,17.769,19.157,13.414,0,0,0,0
59403,17.781,19.151,13.416,0,0,0,0
59404,17.782,19.155,13.41,0,0,0,0
59405,17.792,19.148,13.394,0,0,0,0
59406,17.784,19.149,13.388,0,0,0,0
59407,17.781,19.158,13.424,0,0,0,0
59408,17.771,19.17,13.454,0,0,0,0
59409,17.763,19.177,13.48,0,0,0,0
59410,17.755,19.176,13.5,0,0,0,0
59411,17.748,19.172,13.52,0,0,0,0
59412,17.748,19.182,13.537,0,0,0,0
59413,17.748,19.196,13.551,0,0,0,0
59414,17.741,19.205,13.57,0,0,0,0
59415,17.718,19.18,13.56,0,0,0,0
59416,17.702,19.163,13.58,0,0,0,0
59417,17.708,19.157,13.604,0,0,0,0
59418,17.735,19.158,13.6,0,0,0,0
59419,17.769,19.165,13.561,0,0,0,0
59420,17.782,19.188,13.526,0,0,0,0
59421,17.773,19.187,13.51,0,0,0,0
59422,17.764,19.178,13.518,0,0,0,0
59423,17.762,19.165,13.529,0,0,0,0
59424,17.763,19.153,13.519,0,0,0,0
59425,17.774,19.165,13.511,0,0,0,0
59426,17.781,19.159,13.507,0,0,0,0
59427,17.773,19.155,13.51,0,0,0,0
59428,17.77,19.153,13.528,0,0,0,0
59429,17.772,19.149,13.533,0,0,0,0
59430,17.781,19.133,13.52,0,0,0,0
59431,17.787,19.141,13.532,0,0,0,0
59432,17.786,19.158,13.548,0,0,0,0
59433,17.791,19.158,13.565,0,0,0,0
59434,17.783,19.157,13.573,0,0,0,0
59435,17.778,19.159,13.592,0,0,0,0
59436,17.772,19.162,13.617,0,0,0,0
59437,17.78,19.155,13.629,0,0,0,0
59438,17.788,19.158,13.633,0,0,0,0
59439,17.794,19.163,13.639,0,0,0,0
59440,17.79,19.17,13.648,0,0,0,0
59441,17.788,19.162,13.658,0,0,0,0
59442,17.786,19.16,13.673,0,0,0,0
59443,17.792,19.17,13.688,0,0,0,0
59444,17.804,19.166,13.689,0,0,0,0
59445,17.816,19.187,13.697,0,0,0,0
59446,17.816,19.195,13.713,0,0,0,0
59447,17.814,19.191,13.725,0,0,0,0
59448,17.81,19.197,13.733,0,0,0,0
59449,17.817,19.192,13.743,0,0,0,0
59450,17.813,19.198,13.759,0,0,0,0
59451,17.812,19.195,13.769,0,0,0,0
59452,17.815,19.208,13.773,0,0,0,0
59453,17.812,19.214,13.781,0,0,0,0
59454,17.812,19.213,13.785,0,0,0,0
59455,17.811,19.225,13.797,0,0,0,0
59456,17.821,19.244,13.811,0,0,0,0
59457,17.824,19.246,13.819,0,0,0,0
59458,17.818,19.242,13.829,0,0,0,0
59459,17.809,19.231,13.846,0,0,0,0
59460,17.811,19.226,13.87,0,0,0,0
59461,17.825,19.215,13.89,0,0,0,0
59462,17.823,19.21,13.903,0,0,0,0
59463,17.821,19.216,13.912,0,0,0,0
59464,17.819,19.227,13.915,0,0,0,0
59465,17.819,19.233,13.918,0,0,0,0
59466,17.812,19.23,13.929,0,0,0,0
59467,17.808,19.239,13.941,0,0,0,0
59468,17.801,19.235,13.946,0,0,0,0
59469,17.799,19.226,13.942,0,0,0,0
59470,17.797,19.228,13.957,0,0,0,0
59471,17.792,19.23,13.977,0,0,0,0
59472,17.785,19.214,13.987,0,0,0,0
59473,17.778,19.201,13.996,0,0,0,0
59474,17.779,19.206,14.008,0,0,0,0
59475,17.787,19.204,14.015,0,0,0,0
59476,17.782,19.19,14.014,0,0,0,0
59477,17.785,19.191,14.023,0,0,0,0
59478,17.782,19.191,14.03,0,0,0,0
59479,17.78,19.192,14.041,0,0,0,0
59480,17.774,19.185,14.051,0,0,0,0
59481,17.771,19.176,14.058,0,0,0,0
59482,17.771,19.175,14.06,0,0,0,0
59483,17.773,19.172,14.068,0,0,0,0
59484,17.763,19.161,14.074,0,0,0,0
59485,17.754,19.15,14.086,0,0,0,0
59486,17.752,19.139,14.103,0,0,0,0
59487,17.758,19.135,14.113,0,0,0,0
59488,17.761,19.14,14.119,0,0,0,0
59489,17.765,19.142,14.127,0,0,0,0
59490,17.764,19.129,14.132,0,0,0,0
59491,17.756,19.124,14.148,0,0,0,0
59492,17.754,19.115,14.164,0,0,0,0
59493,17.772,19.109,14.165,0,0,0,0
59494,17.778,19.12,14.165,0,0,0,0
59495,17.777,19.121,14.164,0,0,0,0
59496,17.777,19.122,14.168,0,0,0,0
59497,17.772,19.124,14.181,0,0,0,0
59498,17.764,19.123,14.193,0,0,0,0
59499,17.767,19.116,14.199,0,0,0,0
59500,17.767,19.116,14.204,0,0,0,0
59501,17.765,19.105,14.204,0,0,0,0
59502,17.755,19.096,14.208,0,0,0,0
59503,17.753,19.103,14.234,0,0,0,0
59504,17.745,19.107,14.26,0,0,0,0
59505,17.742,19.113,14.273,0,0,0,0
59506,17.746,19.115,14.28,0,0,0,0
59507,17.741,19.12,14.294,0,0,0,0
59508,17.739,19.113,14.31,0,0,0,0
59509,17.737,19.108,14.319,0,0,0,0
59510,17.737,19.116,14.328,0,0,0,0
59511,17.742,19.129,14.333,0,0,0,0
59512,17.754,19.127,14.335,0,0,0,0
59513,17.756,19.128,14.344,0,0,0,0
59514,17.75,19.126,14.351,0,0,0,0
59515,17.753,19.131,14.355,0,0,0,0
59516,17.755,19.146,14.361,0,0,0,0
59517,17.756,19.145,14.364,0,0,0,0
59518,17.753,19.146,14.37,0,0,0,0
59519,17.759,19.14,14.38,0,0,0,0
59520,17.758,19.141,14.389,0,0,0,0
59521,17.764,19.14,14.397,0,0,0,0
59522,17.773,19.137,14.404,0,0,0,0
