seq,pitch,roll,yaw,xVelocity,yVelocity,zVelocity,altitude
64930,-5.314,-3.224,119.82,0,0,0,0
64931,-5.762,-3.475,119.829,0,0,0,0
64932,-5.682,-3.423,119.8,0,0,0,0
64933,-5.833,-3.315,119.646,0,0,0,0
64934,-5.993,-3.248,119.443,0,0,0,0
64935,-6.04,-3.38,119.42,0,0,0,0
64937,-6.166,-3.619,119.84,0,0,0,0
64938,-6.167,-3.448,119.808,0,0,0,0
64939,-6.103,-3.347,119.787,0,0,0,0
64940,-6.181,-3.291,120.012,0,0,0,0
64941,-6.455,-3.088,120.063,0,0,0,0
64942,-6.836,-3.024,119.657,0,0,0,0
64943,-6.828,-3.13,119.212,0,0,0,0
64944,-6.694,-3.271,119.284,0,0,0,0
64945,-6.472,-3.278,119.504,0,0,0,0
64946,-6.497,-3.18,119.522,0,0,0,0
64947,-6.213,-3.098,119.079,0,0,0,0
64948,-5.736,-3.012,118.741,0,0,0,0
64949,-5.437,-3.168,118.82,0,0,0,0
64950,-5.38,-3.787,119.013,0,0,0,0
64951,-5.31,-3.954,118.889,0,0,0,0
64952,-5.62,-3.884,118.083,0,0,0,0
64953,-6.196,-4.216,117.899,0,0,0,0
64954,-6.449,-5.001,118.258,0,0,0,0
64955,-5.65,-5.22,117.818,0,0,0,0
64956,-5.964,-5.148,117.183,0,0,0,0
64957,-7.347,-5.566,116.993,0,0,0,0
64958,-7.447,-5.88,115.524,0,0,0,0
64959,-5.548,-5.482,113.502,0,0,0,0
64960,-4.778,-6.924,113.024,0,0,0,0
64961,-6.201,-9.428,114.265,0,0,0,0
64963,-3.663,-8.315,111.272,0,0,0,0
64964,-2.217,-6.812,108.57,0,0,0,0
64965,-1.259,-5.401,106.547,0,0,0,0
64966,-0.625,-4.382,105.182,0,0,0,0
64967,1.533,-5.04,102.308,0,0,0,0
64968,3.436,-6.019,99.538,0,0,0,0
64969,3.091,-6.302,99.195,0,0,0,0
64970,-0.408,-6.205,98.575,0,0,0,0
64971,-5.694,-5.038,96.678,0,0,0,0
64972,-8.467,-2.542,95.546,0,0,0,0
64973,-9.371,-1.723,95.934,0,0,0,0
64974,-9.91,-4.342,98.515,0,0,0,0
64976,-11.393,-6.683,100.503,0,0,0,0
64977,-13.493,-6.222,99.804,0,0,0,0
64978,-13.982,-6.547,99.41,0,0,0,0
64979,-11.925,-8.43,99.162,0,0,0,0
64982,-16.727,-11.351,104.907,0,0,0,0
64983,-20.406,-11.033,108.536,0,0,0,0
64984,-25.441,-8.948,113.032,0,0,0,0
64985,-26.833,-4.604,115.693,0,0,0,0
64986,-27.048,0.34,117.754,0,0,0,0
64987,-26.029,0.515,121.793,0,0,0,0
64988,-25.384,0.766,125.273,0,0,0,0
64989,-25.184,1.506,126.999,0,0,0,0
64990,-26.454,3.178,127.122,0,0,0,0
64991,-30.107,5.754,125.375,0,0,0,0
64992,-33.474,5.94,123.913,0,0,0,0
64993,-35.215,5.563,126.553,0,0,0,0
64994,-36.561,6.693,129.759,0,0,0,0
64995,-37.144,7.737,132.819,0,0,0,0
64996,-38.863,7.477,137.411,0,0,0,0
64997,-41.067,5.351,144.669,0,0,0,0
65050,0.641,-0.67,178.862,0,0,0,0
65051,0.7,-0.589,178.778,0,0,0,0
65052,0.824,-0.293,178.517,0,0,0,0
65053,0.795,-0.357,178.6,0,0,0,0
65054,1.114,-0.154,178.252,0,0,0,0
65055,1.191,0.064,178.002,0,0,0,0
65056,1.182,0.111,177.986,0,0,0,0
65057,0.838,0.053,178.037,0,0,0,0
65058,0.136,-0.122,178.181,0,0,0,0
65059,-0.092,-0.029,177.974,0,0,0,0
65061,0.219,0.478,177.277,0,0,0,0
65062,-0.05,0.316,177.206,0,0,0,0
65063,-0.139,0.328,177.418,0,0,0,0
65064,-0.32,0.334,177.375,0,0,0,0
65065,-0.186,0.473,176.91,0,0,0,0
65066,0.058,0.25,176.861,0,0,0,0
65067,0.157,0.686,176.824,0,0,0,0
65068,0.321,0.887,176.697,0,0,0,0
65069,0.218,1.293,176.316,0,0,0,0
65070,-0.331,1.338,176.164,0,0,0,0
65071,-1.169,1.542,176.822,0,0,0,0
65072,0.128,1.054,179.073,0,0,0,0
65073,-0.32,-0.451,-179.751,0,0,0,0
65074,-0.62,-0.352,-179.591,0,0,0,0
65075,-0.647,-0.387,-179.561,0,0,0,0
65076,-0.658,-0.403,-179.503,0,0,0,0
65077,-0.651,-0.378,-179.494,0,0,0,0
65078,-0.473,0.022,-179.842,0,0,0,0
65079,-0.775,-0.035,-179.75,0,0,0,0
65080,-0.9,-0.393,-179.221,0,0,0,0
65081,-0.997,-1.427,-174.87,0,0,0,0
65082,-0.791,-1.116,-174.484,0,0,0,0
65083,-0.8,-1.019,-174.585,0,0,0,0
65084,-0.838,-0.98,-174.608,0,0,0,0
65085,-0.92,-1.351,-174.433,0,0,0,0
65086,-0.922,-1.317,-174.398,0,0,0,0
65087,-1.206,-1.095,-174.593,0,0,0,0
65088,-1.415,-0.812,-175.002,0,0,0,0
65089,-1.509,-0.949,-174.969,0,0,0,0
65091,-2.3,-1.777,-173.764,0,0,0,0
65092,-1.594,-1.396,-172.892,0,0,0,0
65093,-1.269,-0.675,-172.704,0,0,0,0
65094,-1.598,-0.396,-172.788,0,0,0,0
65095,-1.613,-0.334,-172.668,0,0,0,0
65096,-0.355,0.541,-173.075,0,0,0,0
65097,0.136,0.873,-174.052,0,0,0,0
65098,-0.366,-0.894,-174.433,0,0,0,0
65099,-0.555,-1.269,-174.351,0,0,0,0
65100,-0.375,-1.009,-174.029,0,0,0,0
65101,0,0.21,-173.747,0,0,0,0
65102,-0.095,-0.248,-173.998,0,0,0,0
65103,0.268,-0.952,-174.345,0,0,0,0
65104,0.193,-0.747,-174.459,0,0,0,0
65105,-0.227,-0.329,-174.132,0,0,0,0
65106,-0.614,-0.706,-173.131,0,0,0,0
65107,-0.765,-0.329,-172.071,0,0,0,0
65108,-0.121,0.099,-171.038,0,0,0,0
65109,0.315,0.826,-170.876,0,0,0,0
65110,0,0.808,-170.793,0,0,0,0
65111,0.107,0.896,-170.768,0,0,0,0
65112,0.58,1.157,-170.688,0,0,0,0
65113,0.716,1.314,-170.639,0,0,0,0
65114,0.277,1.409,-170.761,0,0,0,0
65115,-0.107,1.322,-170.924,0,0,0,0
65116,-0.356,1.365,-170.934,0,0,0,0
65117,-0.011,1.44,-169.184,0,0,0,0
65118,0.238,1.249,-166.478,0,0,0,0
65119,0.178,1.139,-166.586,0,0,0,0
65120,0.058,1.081,-166.677,0,0,0,0
65121,-0.339,0.758,-166.873,0,0,0,0
65122,-0.042,1.091,-167.142,0,0,0,0
65123,0.596,1.384,-167.282,0,0,0,0
65124,0.617,0.465,-167.003,0,0,0,0
65125,0.267,-0.287,-166.972,0,0,0,0
65126,-0.081,-0.189,-167.003,0,0,0,0
65127,-0.331,-0.342,-167.011,0,0,0,0
65128,-0.382,-0.378,-166.921,0,0,0,0
65129,-0.411,-0.385,-166.909,0,0,0,0
65130,-0.43,-0.388,-166.903,0,0,0,0
65131,-0.441,-0.378,-166.901,0,0,0,0
65132,-0.452,-0.367,-166.9,0,0,0,0
65133,-0.46,-0.361,-166.893,0,0,0,0
65134,-0.465,-0.353,-166.884,0,0,0,0
65135,-0.465,-0.344,-166.88,0,0,0,0
65136,-0.465,-0.331,-166.877,0,0,0,0
65137,-0.467,-0.32,-166.875,0,0,0,0
65138,-0.467,-0.313,-166.874,0,0,0,0
65140,-0.467,-0.287,-166.866,0,0,0,0
65141,-0.467,-0.275,-166.862,0,0,0,0
65142,-0.466,-0.274,-166.859,0,0,0,0
65143,-0.463,-0.26,-166.855,0,0,0,0
65144,-0.461,-0.247,-166.852,0,0,0,0
65145,-0.464,-0.235,-166.85,0,0,0,0
65146,-0.464,-0.231,-166.837,0,0,0,0
65147,-0.463,-0.231,-166.84,0,0,0,0
65148,-0.47,-0.225,-166.843,0,0,0,0
65149,-0.468,-0.223,-166.844,0,0,0,0
65151,-0.474,-0.212,-166.848,0,0,0,0
65152,-0.47,-0.208,-166.848,0,0,0,0
65153,-0.467,-0.208,-166.85,0,0,0,0
65154,-0.463,-0.197,-166.849,0,0,0,0
65155,-0.461,-0.185,-166.852,0,0,0,0
65156,-0.461,-0.174,-166.854,0,0,0,0
65157,-0.459,-0.172,-166.856,0,0,0,0
65158,-0.457,-0.162,-166.857,0,0,0,0
65159,-0.453,-0.156,-166.859,0,0,0,0
65160,-0.455,-0.157,-166.86,0,0,0,0
65161,-0.456,-0.148,-166.862,0,0,0,0
65162,-0.455,-0.139,-166.863,0,0,0,0
65163,-0.456,-0.13,-166.864,0,0,0,0
65164,-0.455,-0.123,-166.865,0,0,0,0
65165,-0.458,-0.113,-166.867,0,0,0,0
65166,-0.456,-0.106,-166.869,0,0,0,0
65167,-0.453,-0.101,-166.871,0,0,0,0
65168,-0.45,-0.092,-166.874,0,0,0,0
65169,-0.448,-0.086,-166.876,0,0,0,0
65170,-0.446,-0.082,-166.877,0,0,0,0
65171,-0.444,-0.074,-166.881,0,0,0,0
65172,-0.44,-0.068,-166.883,0,0,0,0
65173,-0.437,-0.075,-166.883,0,0,0,0
65174,-0.436,-0.073,-166.885,0,0,0,0
65175,-0.434,-0.067,-166.885,0,0,0,0
65176,-0.431,-0.059,-166.887,0,0,0,0
65177,-0.434,-0.051,-166.889,0,0,0,0
65179,-0.426,-0.039,-166.895,0,0,0,0
65180,-0.423,-0.032,-166.896,0,0,0,0
65182,-0.425,-0.021,-166.9,0,0,0,0
65183,-0.429,-0.016,-166.901,0,0,0,0
65184,-0.433,-0.014,-166.902,0,0,0,0
65185,-0.444,-0.008,-166.904,0,0,0,0
65186,-0.439,-0.01,-166.906,0,0,0,0
65187,-0.439,-0.011,-166.907,0,0,0,0
65188,-0.449,-0.01,-166.91,0,0,0,0
65189,-0.445,-0.015,-166.91,0,0,0,0
65190,-0.44,-0.021,-166.912,0,0,0,0
65191,-0.434,-0.016,-166.914,0,0,0,0
65192,-0.433,-0.012,-166.917,0,0,0,0
65193,-0.429,-0.009,-166.917,0,0,0,0
65194,-0.437,-0.005,-166.918,0,0,0,0
65195,-0.433,0.001,-166.918,0,0,0,0
65196,-0.43,0.008,-166.92,0,0,0,0
65197,-0.434,0.004,-166.92,0,0,0,0
65198,-0.43,0.005,-166.921,0,0,0,0
65199,-0.427,0.006,-166.922,0,0,0,0
65200,-0.423,0.009,-166.923,0,0,0,0
65201,-0.425,0.013,-166.923,0,0,0,0
65202,-0.422,0.014,-166.925,0,0,0,0
65203,-0.418,0.016,-166.927,0,0,0,0
65204,-0.422,0.018,-166.928,0,0,0,0
65205,-0.42,0.022,-166.932,0,0,0,0
65206,-0.42,0.026,-166.935,0,0,0,0
65207,-0.421,0.027,-166.936,0,0,0,0
65208,-0.419,0.029,-166.939,0,0,0,0
65209,-0.418,0.031,-166.941,0,0,0,0
65210,-0.414,0.033,-166.944,0,0,0,0
65211,-0.409,0.034,-166.945,0,0,0,0
65212,-0.409,0.034,-166.946,0,0,0,0
65213,-0.421,0.035,-166.947,0,0,0,0
65214,-0.417,0.036,-166.948,0,0,0,0
65215,-0.415,0.039,-166.948,0,0,0,0
65216,-0.419,0.037,-166.948,0,0,0,0
65217,-0.419,0.035,-166.95,0,0,0,0
65218,-0.431,0.036,-166.952,0,0,0,0
65219,-0.435,0.038,-166.954,0,0,0,0
65220,-0.433,0.04,-166.954,0,0,0,0
65221,-0.432,0.044,-166.957,0,0,0,0
65222,-0.428,0.047,-166.96,0,0,0,0
65223,-0.425,0.048,-166.962,0,0,0,0
65224,-0.423,0.05,-166.965,0,0,0,0
65225,-0.424,0.051,-166.966,0,0,0,0
65226,-0.422,0.042,-166.967,0,0,0,0
65227,-0.42,0.046,-166.97,0,0,0,0
65228,-0.419,0.041,-166.973,0,0,0,0
65229,-0.414,0.043,-166.973,0,0,0,0
65230,-0.418,0.045,-166.975,0,0,0,0
65231,-0.42,0.046,-166.978,0,0,0,0
65232,-0.424,0.043,-166.98,0,0,0,0
65233,-0.434,0.04,-166.983,0,0,0,0
65234,-0.444,0.035,-166.983,0,0,0,0
65235,-0.439,0.038,-166.987,0,0,0,0
65236,-0.432,0.036,-166.988,0,0,0,0
65237,-0.429,0.039,-166.989,0,0,0,0
65238,-0.431,0.039,-166.989,0,0,0,0
65239,-0.431,0.041,-166.991,0,0,0,0
65240,-0.432,0.044,-166.992,0,0,0,0
65241,-0.436,0.048,-166.992,0,0,0,0
65242,-0.433,0.05,-166.996,0,0,0,0
65243,-0.433,0.05,-166.995,0,0,0,0
65244,-0.438,0.052,-166.996,0,0,0,0
65245,-0.434,0.055,-166.998,0,0,0,0
65246,-0.431,0.055,-167,0,0,0,0
65247,-0.428,0.049,-167,0,0,0,0
65248,-0.433,0.046,-167.001,0,0,0,0
65249,-0.427,0.043,-167.002,0,0,0,0
65250,-0.435,0.046,-167.004,0,0,0,0
65251,-0.443,0.042,-167.005,0,0,0,0
65252,-0.45,0.044,-167.006,0,0,0,0
65253,-0.451,0.046,-167.005,0,0,0,0
65254,-0.446,0.047,-167.006,0,0,0,0
65255,-0.446,0.034,-167.007,0,0,0,0
65256,-0.448,0.026,-167.009,0,0,0,0
65257,-0.444,0.018,-167.011,0,0,0,0
65258,-0.441,0.013,-167.013,0,0,0,0
65259,-0.443,0.015,-167.013,0,0,0,0
65260,-0.442,0.015,-167.017,0,0,0,0
65261,-0.436,0.016,-167.017,0,0,0,0
65262,-0.436,0.005,-167.018,0,0,0,0
65264,-0.428,0.002,-167.021,0,0,0,0
65265,-0.423,0.005,-167.023,0,0,0,0
65266,-0.421,0.008,-167.024,0,0,0,0
65267,-0.418,0.007,-167.024,0,0,0,0
65268,-0.421,0.004,-167.026,0,0,0,0
65269,-0.418,0,-167.028,0,0,0,0
65270,-0.415,0,-167.03,0,0,0,0
65271,-0.429,0.003,-167.031,0,0,0,0
65272,-0.441,0.006,-167.033,0,0,0,0
65273,-0.451,0.007,-167.036,0,0,0,0
65274,-0.458,-0.003,-167.036,0,0,0,0
65275,-0.455,-0.013,-167.038,0,0,0,0
65276,-0.46,-0.02,-167.037,0,0,0,0
65277,-0.458,-0.024,-167.04,0,0,0,0
65278,-0.456,-0.032,-167.039,0,0,0,0
65279,-0.459,-0.033,-167.04,0,0,0,0
65280,-0.456,-0.042,-167.039,0,0,0,0
65281,-0.465,-0.04,-167.039,0,0,0,0
65282,-0.475,-0.035,-167.04,0,0,0,0
65283,-0.476,-0.03,-167.041,0,0,0,0
65284,-0.477,-0.031,-167.044,0,0,0,0
65285,-0.476,-0.041,-167.045,0,0,0,0
65286,-0.483,-0.045,-167.044,0,0,0,0
65287,-0.477,-0.056,-167.045,0,0,0,0
65288,-0.484,-0.067,-167.048,0,0,0,0
65289,-0.494,-0.065,-167.05,0,0,0,0
65290,-0.5,-0.07,-167.052,0,0,0,0
65291,-0.497,-0.078,-167.055,0,0,0,0
65292,-0.504,-0.081,-167.057,0,0,0,0
65293,-0.496,-0.075,-167.058,0,0,0,0
65295,-0.496,-0.077,-167.061,0,0,0,0
65296,-0.505,-0.087,-167.062,0,0,0,0
65297,-0.497,-0.097,-167.064,0,0,0,0
65298,-0.491,-0.107,-167.063,0,0,0,0
65299,-0.491,-0.115,-167.065,0,0,0,0
65300,-0.487,-0.125,-167.066,0,0,0,0
65301,-0.485,-0.134,-167.068,0,0,0,0
65302,-0.49,-0.141,-167.07,0,0,0,0
65303,-0.493,-0.152,-167.071,0,0,0,0
65304,-0.493,-0.156,-167.072,0,0,0,0
65305,-0.491,-0.157,-167.075,0,0,0,0
65306,-0.5,-0.152,-167.078,0,0,0,0
65307,-0.5,-0.159,-167.08,0,0,0,0
65308,-0.492,-0.15,-167.082,0,0,0,0
65309,-0.482,-0.149,-167.083,0,0,0,0
65310,-0.477,-0.15,-167.085,0,0,0,0
65311,-0.471,-0.143,-167.084,0,0,0,0
65312,-0.472,-0.136,-167.086,0,0,0,0
65313,-0.467,-0.133,-167.088,0,0,0,0
65314,-0.46,-0.134,-167.09,0,0,0,0
65315,-0.452,-0.126,-167.091,0,0,0,0
65316,-0.449,-0.127,-167.093,0,0,0,0
65317,-0.443,-0.131,-167.095,0,0,0,0
65318,-0.448,-0.123,-167.1,0,0,0,0
65319,-0.449,-0.116,-167.103,0,0,0,0
65320,-0.443,-0.115,-167.104,0,0,0,0
65321,-0.433,-0.113,-167.105,0,0,0,0
65322,-0.428,-0.105,-167.107,0,0,0,0
65323,-0.427,-0.098,-167.109,0,0,0,0
65324,-0.423,-0.091,-167.11,0,0,0,0
65325,-0.417,-0.097,-167.11,0,0,0,0
65326,-0.412,-0.103,-167.112,0,0,0,0
65327,-0.411,-0.104,-167.114,0,0,0,0
65328,-0.411,-0.11,-167.114,0,0,0,0
65329,-0.407,-0.109,-167.115,0,0,0,0
65330,-0.402,-0.113,-167.117,0,0,0,0
65331,-0.396,-0.111,-167.119,0,0,0,0
65332,-0.395,-0.12,-167.12,0,0,0,0
65333,-0.399,-0.122,-167.119,0,0,0,0
65334,-0.396,-0.113,-167.119,0,0,0,0
65335,-0.394,-0.11,-167.12,0,0,0,0
65336,-0.389,-0.117,-167.122,0,0,0,0
65337,-0.385,-0.112,-167.123,0,0,0,0
65338,-0.389,-0.106,-167.124,0,0,0,0
65339,-0.386,-0.103,-167.123,0,0,0,0
65340,-0.384,-0.103,-167.125,0,0,0,0
65341,-0.389,-0.1,-167.128,0,0,0,0
65342,-0.383,-0.103,-167.13,0,0,0,0
65343,-0.378,-0.112,-167.132,0,0,0,0
65345,-0.37,-0.125,-167.136,0,0,0,0
65346,-0.368,-0.122,-167.138,0,0,0,0
65347,-0.366,-0.119,-167.14,0,0,0,0
65348,-0.362,-0.113,-167.142,0,0,0,0
65349,-0.36,-0.106,-167.144,0,0,0,0
65350,-0.358,-0.104,-167.145,0,0,0,0
65351,-0.356,-0.103,-167.146,0,0,0,0
65352,-0.352,-0.11,-167.148,0,0,0,0
65353,-0.347,-0.11,-167.15,0,0,0,0
65354,-0.343,-0.118,-167.153,0,0,0,0
65355,-0.341,-0.119,-167.155,0,0,0,0
65356,-0.336,-0.122,-167.159,0,0,0,0
65357,-0.331,-0.113,-167.16,0,0,0,0
65358,-0.326,-0.106,-167.16,0,0,0,0
65359,-0.321,-0.098,-167.161,0,0,0,0
65360,-0.321,-0.094,-167.161,0,0,0,0
65361,-0.316,-0.099,-167.16,0,0,0,0
65362,-0.313,-0.103,-167.161,0,0,0,0
65363,-0.308,-0.107,-167.161,0,0,0,0
65364,-0.306,-0.104,-167.162,0,0,0,0
65365,-0.302,-0.111,-167.163,0,0,0,0
65366,-0.299,-0.113,-167.163,0,0,0,0
65367,-0.303,-0.11,-167.163,0,0,0,0
65368,-0.306,-0.106,-167.164,0,0,0,0
65369,-0.321,-0.102,-167.167,0,0,0,0
65370,-0.33,-0.093,-167.17,0,0,0,0
65371,-0.33,-0.098,-167.172,0,0,0,0
65372,-0.341,-0.092,-167.175,0,0,0,0
65374,-0.345,-0.101,-167.179,0,0,0,0
65375,-0.342,-0.103,-167.179,0,0,0,0
65376,-0.338,-0.098,-167.18,0,0,0,0
65377,-0.333,-0.103,-167.181,0,0,0,0
65378,-0.33,-0.105,-167.182,0,0,0,0
65379,-0.328,-0.115,-167.183,0,0,0,0
65380,-0.322,-0.112,-167.186,0,0,0,0
65381,-0.318,-0.113,-167.186,0,0,0,0
65382,-0.315,-0.107,-167.187,0,0,0,0
65383,-0.31,-0.102,-167.189,0,0,0,0
65384,-0.31,-0.094,-167.192,0,0,0,0
65385,-0.308,-0.088,-167.193,0,0,0,0
65386,-0.306,-0.085,-167.192,0,0,0,0
65387,-0.305,-0.08,-167.193,0,0,0,0
65388,-0.299,-0.073,-167.195,0,0,0,0
65389,-0.298,-0.068,-167.195,0,0,0,0
65390,-0.297,-0.066,-167.195,0,0,0,0
65391,-0.294,-0.062,-167.197,0,0,0,0
65392,-0.29,-0.058,-167.199,0,0,0,0
65394,-0.291,-0.064,-167.202,0,0,0,0
65395,-0.289,-0.059,-167.202,0,0,0,0
65396,-0.288,-0.064,-167.205,0,0,0,0
65397,-0.288,-0.06,-167.208,0,0,0,0
65398,-0.289,-0.065,-167.209,0,0,0,0
65399,-0.298,-0.064,-167.21,0,0,0,0
65400,-0.299,-0.074,-167.212,0,0,0,0
65401,-0.3,-0.076,-167.213,0,0,0,0
65402,-0.297,-0.077,-167.216,0,0,0,0
65403,-0.299,-0.079,-167.218,0,0,0,0
65404,-0.297,-0.08,-167.219,0,0,0,0
65405,-0.296,-0.085,-167.221,0,0,0,0
65406,-0.304,-0.083,-167.222,0,0,0,0
65407,-0.301,-0.077,-167.223,0,0,0,0
65408,-0.297,-0.081,-167.224,0,0,0,0
65409,-0.292,-0.087,-167.225,0,0,0,0
65410,-0.288,-0.082,-167.228,0,0,0,0
65411,-0.286,-0.077,-167.229,0,0,0,0
65412,-0.288,-0.077,-167.23,0,0,0,0
65413,-0.285,-0.073,-167.23,0,0,0,0
65414,-0.284,-0.079,-167.232,0,0,0,0
65415,-0.285,-0.08,-167.233,0,0,0,0
65416,-0.285,-0.09,-167.235,0,0,0,0
65417,-0.288,-0.084,-167.235,0,0,0,0
65418,-0.301,-0.078,-167.236,0,0,0,0
65419,-0.308,-0.074,-167.237,0,0,0,0
65420,-0.305,-0.079,-167.238,0,0,0,0
65421,-0.303,-0.077,-167.239,0,0,0,0
65422,-0.301,-0.089,-167.243,0,0,0,0
65423,-0.303,-0.089,-167.243,0,0,0,0
65424,-0.315,-0.089,-167.244,0,0,0,0
65425,-0.314,-0.098,-167.247,0,0,0,0
65426,-0.326,-0.097,-167.25,0,0,0,0
65427,-0.333,-0.09,-167.25,0,0,0,0
65428,-0.334,-0.084,-167.25,0,0,0,0
65429,-0.341,-0.08,-167.25,0,0,0,0
65430,-0.341,-0.088,-167.251,0,0,0,0
65431,-0.351,-0.091,-167.251,0,0,0,0
65432,-0.354,-0.085,-167.252,0,0,0,0
65433,-0.363,-0.081,-167.252,0,0,0,0
65434,-0.363,-0.087,-167.254,0,0,0,0
65435,-0.358,-0.088,-167.255,0,0,0,0
65436,-0.357,-0.089,-167.258,0,0,0,0
65437,-0.351,-0.09,-167.261,0,0,0,0
65438,-0.347,-0.091,-167.263,0,0,0,0
65439,-0.351,-0.095,-167.264,0,0,0,0
65440,-0.345,-0.105,-167.265,0,0,0,0
65441,-0.343,-0.113,-167.266,0,0,0,0
65442,-0.345,-0.115,-167.267,0,0,0,0
65443,-0.341,-0.124,-167.267,0,0,0,0
65444,-0.342,-0.134,-167.265,0,0,0,0
65445,-0.351,-0.142,-167.267,0,0,0,0
65446,-0.348,-0.134,-167.266,0,0,0,0
65447,-0.342,-0.134,-167.267,0,0,0,0
65448,-0.352,-0.133,-167.268,0,0,0,0
65450,-0.353,-0.138,-167.271,0,0,0,0
65451,-0.349,-0.137,-167.271,0,0,0,0
65453,-0.343,-0.13,-167.27,0,0,0,0
65454,-0.338,-0.126,-167.27,0,0,0,0
65455,-0.336,-0.126,-167.273,0,0,0,0
65456,-0.333,-0.13,-167.276,0,0,0,0
65457,-0.327,-0.134,-167.278,0,0,0,0
65458,-0.321,-0.138,-167.28,0,0,0,0
65459,-0.316,-0.133,-167.281,0,0,0,0
65460,-0.31,-0.136,-167.283,0,0,0,0
65461,-0.305,-0.146,-167.284,0,0,0,0
65462,-0.298,-0.151,-167.287,0,0,0,0
65463,-0.294,-0.146,-167.286,0,0,0,0
65464,-0.29,-0.148,-167.287,0,0,0,0
65465,-0.287,-0.151,-167.288,0,0,0,0
65466,-0.283,-0.145,-167.29,0,0,0,0
65467,-0.28,-0.143,-167.292,0,0,0,0
65468,-0.275,-0.137,-167.294,0,0,0,0
65469,-0.271,-0.14,-167.295,0,0,0,0
65470,-0.266,-0.134,-167.298,0,0,0,0
65471,-0.263,-0.134,-167.301,0,0,0,0
65472,-0.261,-0.13,-167.303,0,0,0,0
65473,-0.259,-0.123,-167.304,0,0,0,0
65474,-0.255,-0.13,-167.306,0,0,0,0
65475,-0.254,-0.122,-167.307,0,0,0,0
65476,-0.252,-0.126,-167.309,0,0,0,0
65477,-0.251,-0.12,-167.311,0,0,0,0
65478,-0.249,-0.112,-167.312,0,0,0,0
65479,-0.25,-0.112,-167.312,0,0,0,0
65480,-0.246,-0.114,-167.314,0,0,0,0
65481,-0.244,-0.114,-167.316,0,0,0,0
65482,-0.243,-0.118,-167.316,0,0,0,0
65483,-0.241,-0.117,-167.315,0,0,0,0
65484,-0.247,-0.114,-167.314,0,0,0,0
65485,-0.245,-0.107,-167.314,0,0,0,0
65486,-0.243,-0.1,-167.314,0,0,0,0
65487,-0.242,-0.099,-167.313,0,0,0,0
65488,-0.24,-0.107,-167.314,0,0,0,0
65489,-0.237,-0.113,-167.314,0,0,0,0
65490,-0.234,-0.108,-167.316,0,0,0,0
65491,-0.233,-0.112,-167.316,0,0,0,0
65492,-0.232,-0.121,-167.318,0,0,0,0
65493,-0.233,-0.118,-167.317,0,0,0,0
65494,-0.236,-0.119,-167.319,0,0,0,0
65496,-0.234,-0.12,-167.32,0,0,0,0
65497,-0.233,-0.115,-167.32,0,0,0,0
65498,-0.233,-0.11,-167.323,0,0,0,0
65499,-0.248,-0.106,-167.324,0,0,0,0
65500,-0.264,-0.102,-167.324,0,0,0,0
65501,-0.267,-0.103,-167.326,0,0,0,0
65502,-0.263,-0.105,-167.327,0,0,0,0
65503,-0.259,-0.115,-167.326,0,0,0,0
65504,-0.254,-0.121,-167.326,0,0,0,0
65506,-0.248,-0.127,-167.326,0,0,0,0
65507,-0.246,-0.13,-167.326,0,0,0,0
65508,-0.243,-0.133,-167.326,0,0,0,0
65509,-0.238,-0.144,-167.326,0,0,0,0
65510,-0.249,-0.143,-167.326,0,0,0,0
65511,-0.263,-0.137,-167.327,0,0,0,0
65512,-0.262,-0.14,-167.328,0,0,0,0
65513,-0.264,-0.145,-167.329,0,0,0,0
65514,-0.264,-0.135,-167.331,0,0,0,0
65515,-0.262,-0.129,-167.331,0,0,0,0
65516,-0.264,-0.126,-167.33,0,0,0,0
65517,-0.269,-0.129,-167.329,0,0,0,0
65518,-0.267,-0.126,-167.328,0,0,0,0
65519,-0.264,-0.131,-167.328,0,0,0,0
65520,-0.26,-0.129,-167.327,0,0,0,0
65521,-0.255,-0.136,-167.329,0,0,0,0
65522,-0.254,-0.131,-167.33,0,0,0,0
65523,-0.253,-0.132,-167.332,0,0,0,0
65524,-0.249,-0.129,-167.332,0,0,0,0
65525,-0.257,-0.128,-167.333,0,0,0,0
65526,-0.257,-0.124,-167.332,0,0,0,0
65528,-0.261,-0.117,-167.336,0,0,0,0
65529,-0.27,-0.12,-167.335,0,0,0,0
65530,-0.27,-0.121,-167.335,0,0,0,0
65531,-0.275,-0.131,-167.335,0,0,0,0
65532,-0.279,-0.14,-167.335,0,0,0,0
65533,-0.29,-0.138,-167.337,0,0,0,0
65534,-0.287,-0.14,-167.339,0,0,0,0
65535,-0.302,-0.136,-167.338,0,0,0,0
65536,-0.306,-0.141,-167.338,0,0,0,0
65537,-0.307,-0.139,-167.34,0,0,0,0
65538,-0.314,-0.142,-167.342,0,0,0,0
65540,-0.319,-0.148,-167.347,0,0,0,0
65541,-0.326,-0.158,-167.348,0,0,0,0
65542,-0.332,-0.152,-167.35,0,0,0,0
65543,-0.34,-0.152,-167.351,0,0,0,0
65544,-0.348,-0.159,-167.353,0,0,0,0
65545,-0.356,-0.156,-167.353,0,0,0,0
65546,-0.354,-0.165,-167.355,0,0,0,0
65547,-0.358,-0.164,-167.355,0,0,0,0
65548,-0.362,-0.163,-167.358,0,0,0,0
65549,-0.37,-0.168,-167.357,0,0,0,0
65550,-0.373,-0.169,-167.358,0,0,0,0
65551,-0.379,-0.16,-167.36,0,0,0,0
65552,-0.386,-0.154,-167.36,0,0,0,0
65553,-0.388,-0.15,-167.358,0,0,0,0
65554,-0.391,-0.158,-167.359,0,0,0,0
65555,-0.401,-0.157,-167.359,0,0,0,0
65556,-0.408,-0.154,-167.36,0,0,0,0
65557,-0.415,-0.165,-167.36,0,0,0,0
65558,-0.414,-0.161,-167.362,0,0,0,0
65559,-0.407,-0.167,-167.361,0,0,0,0
65560,-0.402,-0.177,-167.36,0,0,0,0
65561,-0.411,-0.184,-167.36,0,0,0,0
65563,-0.428,-0.182,-167.365,0,0,0,0
65564,-0.428,-0.187,-167.366,0,0,0,0
65566,-0.421,-0.174,-167.367,0,0,0,0
65567,-0.425,-0.168,-167.37,0,0,0,0
65568,-0.424,-0.167,-167.371,0,0,0,0
65569,-0.418,-0.17,-167.37,0,0,0,0
65570,-0.419,-0.166,-167.372,0,0,0,0
65571,-0.422,-0.169,-167.37,0,0,0,0
65572,-0.428,-0.167,-167.372,0,0,0,0
65573,-0.425,-0.168,-167.373,0,0,0,0
65574,-0.422,-0.166,-167.371,0,0,0,0
65575,-0.417,-0.159,-167.372,0,0,0,0
65576,-0.418,-0.154,-167.373,0,0,0,0
65577,-0.422,-0.152,-167.372,0,0,0,0
65578,-0.415,-0.153,-167.373,0,0,0,0
65579,-0.405,-0.156,-167.372,0,0,0,0
65580,-0.403,-0.157,-167.374,0,0,0,0
65581,-0.405,-0.152,-167.375,0,0,0,0
65582,-0.398,-0.161,-167.376,0,0,0,0
65583,-0.395,-0.163,-167.377,0,0,0,0
65584,-0.397,-0.156,-167.378,0,0,0,0
65585,-0.4,-0.15,-167.382,0,0,0,0
65586,-0.408,-0.143,-167.383,0,0,0,0
65587,-0.404,-0.137,-167.385,0,0,0,0
65588,-0.399,-0.135,-167.388,0,0,0,0
65589,-0.395,-0.134,-167.39,0,0,0,0
65590,-0.399,-0.13,-167.389,0,0,0,0
65591,-0.406,-0.124,-167.389,0,0,0,0
65592,-0.399,-0.131,-167.39,0,0,0,0
65593,-0.391,-0.137,-167.39,0,0,0,0
65594,-0.385,-0.147,-167.391,0,0,0,0
65595,-0.381,-0.146,-167.39,0,0,0,0
65596,-0.389,-0.153,-167.39,0,0,0,0
65597,-0.399,-0.15,-167.389,0,0,0,0
65598,-0.399,-0.151,-167.389,0,0,0,0
65599,-0.409,-0.16,-167.39,0,0,0,0
65600,-0.408,-0.17,-167.391,0,0,0,0
65601,-0.41,-0.173,-167.393,0,0,0,0
65602,-0.405,-0.166,-167.392,0,0,0,0
65603,-0.395,-0.164,-167.393,0,0,0,0
65604,-0.392,-0.168,-167.393,0,0,0,0
65605,-0.393,-0.175,-167.394,0,0,0,0
65606,-0.386,-0.179,-167.393,0,0,0,0
65607,-0.382,-0.19,-167.396,0,0,0,0
65608,-0.382,-0.185,-167.397,0,0,0,0
65609,-0.384,-0.186,-167.397,0,0,0,0
65611,-0.385,-0.188,-167.402,0,0,0,0
65612,-0.378,-0.181,-167.404,0,0,0,0
65613,-0.369,-0.183,-167.405,0,0,0,0
65615,-0.371,-0.167,-167.405,0,0,0,0
65616,-0.369,-0.161,-167.406,0,0,0,0
65617,-0.369,-0.165,-167.404,0,0,0,0
65618,-0.376,-0.157,-167.404,0,0,0,0
65619,-0.373,-0.154,-167.405,0,0,0,0
65621,-0.373,-0.168,-167.407,0,0,0,0
65622,-0.381,-0.167,-167.408,0,0,0,0
65623,-0.381,-0.16,-167.409,0,0,0,0
65624,-0.375,-0.161,-167.41,0,0,0,0
65625,-0.373,-0.159,-167.411,0,0,0,0
65626,-0.366,-0.166,-167.412,0,0,0,0
65627,-0.361,-0.171,-167.413,0,0,0,0
65628,-0.362,-0.174,-167.412,0,0,0,0
65629,-0.359,-0.17,-167.411,0,0,0,0
65630,-0.355,-0.165,-167.413,0,0,0,0
65631,-0.348,-0.162,-167.413,0,0,0,0
65632,-0.342,-0.164,-167.415,0,0,0,0
65633,-0.338,-0.166,-167.416,0,0,0,0
65634,-0.341,-0.159,-167.416,0,0,0,0
65635,-0.335,-0.158,-167.417,0,0,0,0
65636,-0.331,-0.155,-167.418,0,0,0,0
65637,-0.325,-0.165,-167.419,0,0,0,0
65638,-0.32,-0.169,-167.417,0,0,0,0
65639,-0.316,-0.177,-167.418,0,0,0,0
65640,-0.316,-0.183,-167.421,0,0,0,0
65641,-0.318,-0.18,-167.421,0,0,0,0
65642,-0.321,-0.176,-167.423,0,0,0,0
65643,-0.319,-0.17,-167.422,0,0,0,0
65644,-0.322,-0.162,-167.424,0,0,0,0
65645,-0.314,-0.161,-167.425,0,0,0,0
65646,-0.31,-0.17,-167.427,0,0,0,0
65647,-0.31,-0.175,-167.428,0,0,0,0
65648,-0.316,-0.176,-167.429,0,0,0,0
65649,-0.316,-0.175,-167.429,0,0,0,0
65650,-0.312,-0.174,-167.429,0,0,0,0
65651,-0.317,-0.165,-167.429,0,0,0,0
65652,-0.318,-0.172,-167.432,0,0,0,0
65653,-0.315,-0.181,-167.432,0,0,0,0
65654,-0.311,-0.176,-167.434,0,0,0,0
65655,-0.303,-0.171,-167.434,0,0,0,0
65656,-0.305,-0.166,-167.435,0,0,0,0
65657,-0.31,-0.161,-167.435,0,0,0,0
65658,-0.321,-0.166,-167.436,0,0,0,0
65659,-0.318,-0.171,-167.436,0,0,0,0
65660,-0.318,-0.175,-167.436,0,0,0,0
65661,-0.313,-0.183,-167.436,0,0,0,0
65662,-0.327,-0.185,-167.438,0,0,0,0
65663,-0.331,-0.187,-167.44,0,0,0,0
65664,-0.338,-0.192,-167.44,0,0,0,0
65665,-0.347,-0.202,-167.438,0,0,0,0
65666,-0.35,-0.212,-167.44,0,0,0,0
65667,-0.354,-0.215,-167.441,0,0,0,0
65668,-0.353,-0.206,-167.444,0,0,0,0
65669,-0.35,-0.215,-167.446,0,0,0,0
65670,-0.346,-0.225,-167.447,0,0,0,0
65671,-0.337,-0.231,-167.448,0,0,0,0
65672,-0.329,-0.24,-167.449,0,0,0,0
65673,-0.323,-0.236,-167.45,0,0,0,0
65674,-0.32,-0.245,-167.449,0,0,0,0
65675,-0.314,-0.247,-167.448,0,0,0,0
65676,-0.308,-0.241,-167.45,0,0,0,0
65677,-0.305,-0.241,-167.451,0,0,0,0
65678,-0.309,-0.24,-167.453,0,0,0,0
65679,-0.31,-0.234,-167.453,0,0,0,0
65680,-0.307,-0.238,-167.453,0,0,0,0
65681,-0.315,-0.243,-167.453,0,0,0,0
65682,-0.32,-0.25,-167.452,0,0,0,0
65683,-0.325,-0.254,-167.454,0,0,0,0
65684,-0.319,-0.26,-167.455,0,0,0,0
65685,-0.319,-0.264,-167.456,0,0,0,0
65686,-0.318,-0.261,-167.46,0,0,0,0
65687,-0.326,-0.256,-167.459,0,0,0,0
65688,-0.334,-0.253,-167.459,0,0,0,0
65689,-0.335,-0.254,-167.461,0,0,0,0
65690,-0.34,-0.262,-167.46,0,0,0,0
65691,-0.35,-0.268,-167.463,0,0,0,0
65692,-0.343,-0.275,-167.462,0,0,0,0
65693,-0.348,-0.28,-167.466,0,0,0,0
65694,-0.345,-0.286,-167.466,0,0,0,0
65695,-0.345,-0.283,-167.463,0,0,0,0
65696,-0.34,-0.278,-167.464,0,0,0,0
65697,-0.333,-0.27,-167.466,0,0,0,0
65698,-0.324,-0.27,-167.468,0,0,0,0
65699,-0.321,-0.269,-167.466,0,0,0,0
65700,-0.318,-0.261,-167.468,0,0,0,0
65701,-0.324,-0.267,-167.469,0,0,0,0
65702,-0.332,-0.259,-167.469,0,0,0,0
65703,-0.324,-0.26,-167.469,0,0,0,0
65704,-0.329,-0.263,-167.469,0,0,0,0
65705,-0.332,-0.27,-167.469,0,0,0,0
65706,-0.329,-0.259,-167.471,0,0,0,0
65707,-0.338,-0.251,-167.473,0,0,0,0
65708,-0.338,-0.241,-167.473,0,0,0,0
65709,-0.342,-0.237,-167.475,0,0,0,0
65710,-0.339,-0.233,-167.48,0,0,0,0
65711,-0.333,-0.237,-167.482,0,0,0,0
65713,-0.325,-0.234,-167.482,0,0,0,0
65714,-0.325,-0.231,-167.484,0,0,0,0
65715,-0.32,-0.222,-167.483,0,0,0,0
65716,-0.32,-0.217,-167.483,0,0,0,0
65717,-0.312,-0.216,-167.483,0,0,0,0
65718,-0.312,-0.214,-167.485,0,0,0,0
65719,-0.315,-0.204,-167.487,0,0,0,0
65720,-0.309,-0.205,-167.486,0,0,0,0
65721,-0.311,-0.203,-167.488,0,0,0,0
65722,-0.309,-0.2,-167.49,0,0,0,0
65723,-0.308,-0.209,-167.49,0,0,0,0
65724,-0.308,-0.212,-167.491,0,0,0,0
65725,-0.302,-0.216,-167.493,0,0,0,0
65726,-0.305,-0.224,-167.494,0,0,0,0
65727,-0.299,-0.227,-167.497,0,0,0,0
65728,-0.3,-0.226,-167.498,0,0,0,0
65729,-0.302,-0.231,-167.498,0,0,0,0
65730,-0.299,-0.237,-167.5,0,0,0,0
65731,-0.298,-0.232,-167.501,0,0,0,0
65732,-0.303,-0.223,-167.502,0,0,0,0
65733,-0.307,-0.214,-167.506,0,0,0,0
65734,-0.307,-0.214,-167.508,0,0,0,0
65735,-0.302,-0.218,-167.509,0,0,0,0
65736,-0.31,-0.222,-167.511,0,0,0,0
65737,-0.304,-0.222,-167.511,0,0,0,0
65738,-0.305,-0.213,-167.512,0,0,0,0
65739,-0.298,-0.213,-167.511,0,0,0,0
65740,-0.298,-0.211,-167.513,0,0,0,0
65741,-0.304,-0.206,-167.513,0,0,0,0
65742,-0.302,-0.21,-167.514,0,0,0,0
65743,-0.305,-0.206,-167.516,0,0,0,0
65744,-0.309,-0.211,-167.517,0,0,0,0
65745,-0.316,-0.21,-167.517,0,0,0,0
65747,-0.317,-0.216,-167.516,0,0,0,0
65748,-0.312,-0.209,-167.517,0,0,0,0
65749,-0.318,-0.209,-167.513,0,0,0,0
65750,-0.328,-0.201,-167.515,0,0,0,0
65751,-0.326,-0.195,-167.515,0,0,0,0
65752,-0.325,-0.188,-167.516,0,0,0,0
65753,-0.319,-0.189,-167.516,0,0,0,0
65754,-0.314,-0.192,-167.519,0,0,0,0
65755,-0.316,-0.203,-167.52,0,0,0,0
65756,-0.311,-0.201,-167.521,0,0,0,0
65757,-0.306,-0.193,-167.521,0,0,0,0
65758,-0.301,-0.199,-167.521,0,0,0,0
65759,-0.311,-0.195,-167.522,0,0,0,0
65761,-0.306,-0.202,-167.525,0,0,0,0
65762,-0.303,-0.203,-167.524,0,0,0,0
65763,-0.296,-0.206,-167.525,0,0,0,0
65764,-0.29,-0.202,-167.526,0,0,0,0
65765,-0.288,-0.198,-167.527,0,0,0,0
65766,-0.284,-0.194,-167.526,0,0,0,0
65767,-0.281,-0.2,-167.527,0,0,0,0
65768,-0.281,-0.209,-167.527,0,0,0,0
65769,-0.284,-0.21,-167.53,0,0,0,0
65770,-0.28,-0.217,-167.533,0,0,0,0
65771,-0.279,-0.218,-167.533,0,0,0,0
65772,-0.276,-0.215,-167.533,0,0,0,0
65773,-0.282,-0.219,-167.534,0,0,0,0
65774,-0.278,-0.216,-167.536,0,0,0,0
65775,-0.272,-0.217,-167.539,0,0,0,0
65776,-0.274,-0.21,-167.54,0,0,0,0
65777,-0.285,-0.21,-167.542,0,0,0,0
65778,-0.279,-0.209,-167.543,0,0,0,0
65779,-0.274,-0.215,-167.544,0,0,0,0
65780,-0.269,-0.21,-167.546,0,0,0,0
65781,-0.262,-0.22,-167.546,0,0,0,0
65782,-0.262,-0.225,-167.547,0,0,0,0
65783,-0.267,-0.219,-167.547,0,0,0,0
65784,-0.263,-0.221,-167.545,0,0,0,0
65785,-0.268,-0.225,-167.545,0,0,0,0
65786,-0.274,-0.219,-167.546,0,0,0,0
65787,-0.28,-0.21,-167.546,0,0,0,0
65788,-0.279,-0.204,-167.546,0,0,0,0
65789,-0.289,-0.21,-167.548,0,0,0,0
65790,-0.299,-0.208,-167.546,0,0,0,0
65791,-0.311,-0.21,-167.547,0,0,0,0
65792,-0.313,-0.217,-167.546,0,0,0,0
65793,-0.312,-0.224,-167.546,0,0,0,0
65794,-0.315,-0.231,-167.545,0,0,0,0
65795,-0.315,-0.238,-167.548,0,0,0,0
65796,-0.328,-0.242,-167.55,0,0,0,0
65797,-0.338,-0.244,-167.552,0,0,0,0
65798,-0.343,-0.238,-167.553,0,0,0,0
65800,-0.337,-0.245,-167.549,0,0,0,0
65801,-0.334,-0.254,-167.551,0,0,0,0
65802,-0.34,-0.262,-167.549,0,0,0,0
65803,-0.343,-0.266,-167.549,0,0,0,0
65804,-0.35,-0.26,-167.55,0,0,0,0
65805,-0.353,-0.264,-167.552,0,0,0,0
65806,-0.362,-0.266,-167.552,0,0,0,0
65807,-0.368,-0.258,-167.553,0,0,0,0
65808,-0.362,-0.265,-167.556,0,0,0,0
65809,-0.355,-0.261,-167.557,0,0,0,0
65810,-0.346,-0.249,-167.557,0,0,0,0
65811,-0.344,-0.248,-167.558,0,0,0,0
65812,-0.343,-0.237,-167.56,0,0,0,0
65813,-0.339,-0.241,-167.561,0,0,0,0
65814,-0.333,-0.245,-167.561,0,0,0,0
65815,-0.327,-0.249,-167.561,0,0,0,0
65816,-0.319,-0.246,-167.561,0,0,0,0
65817,-0.315,-0.244,-167.562,0,0,0,0
65818,-0.316,-0.236,-167.562,0,0,0,0
65819,-0.312,-0.227,-167.562,0,0,0,0
65820,-0.305,-0.228,-167.564,0,0,0,0
65821,-0.3,-0.231,-167.564,0,0,0,0
65822,-0.297,-0.237,-167.566,0,0,0,0
65823,-0.301,-0.23,-167.571,0,0,0,0
65824,-0.301,-0.223,-167.573,0,0,0,0
65825,-0.298,-0.214,-167.574,0,0,0,0
65826,-0.295,-0.208,-167.577,0,0,0,0
65827,-0.306,-0.207,-167.577,0,0,0,0
65828,-0.303,-0.197,-167.58,0,0,0,0
65829,-0.303,-0.191,-167.58,0,0,0,0
65830,-0.299,-0.184,-167.581,0,0,0,0
65831,-0.294,-0.188,-167.584,0,0,0,0
65832,-0.294,-0.182,-167.586,0,0,0,0
65833,-0.297,-0.18,-167.589,0,0,0,0
65834,-0.298,-0.176,-167.59,0,0,0,0
65835,-0.299,-0.175,-167.59,0,0,0,0
65837,-0.308,-0.181,-167.591,0,0,0,0
65838,-0.318,-0.179,-167.59,0,0,0,0
65839,-0.325,-0.172,-167.593,0,0,0,0
65840,-0.327,-0.171,-167.594,0,0,0,0
65841,-0.327,-0.18,-167.595,0,0,0,0
65842,-0.322,-0.182,-167.594,0,0,0,0
65843,-0.325,-0.187,-167.594,0,0,0,0
65844,-0.328,-0.192,-167.595,0,0,0,0
65845,-0.323,-0.194,-167.598,0,0,0,0
65846,-0.327,-0.193,-167.599,0,0,0,0
65847,-0.321,-0.197,-167.6,0,0,0,0
65848,-0.316,-0.189,-167.6,0,0,0,0
65849,-0.31,-0.183,-167.602,0,0,0,0
65850,-0.312,-0.182,-167.603,0,0,0,0
65851,-0.312,-0.18,-167.607,0,0,0,0
65852,-0.308,-0.176,-167.608,0,0,0,0
65853,-0.307,-0.184,-167.609,0,0,0,0
65854,-0.302,-0.175,-167.61,0,0,0,0
65855,-0.3,-0.169,-167.609,0,0,0,0
65856,-0.297,-0.167,-167.61,0,0,0,0
65857,-0.303,-0.172,-167.609,0,0,0,0
65858,-0.297,-0.175,-167.611,0,0,0,0
65859,-0.29,-0.169,-167.612,0,0,0,0
65860,-0.284,-0.167,-167.614,0,0,0,0
65861,-0.29,-0.162,-167.613,0,0,0,0
65862,-0.298,-0.163,-167.615,0,0,0,0
65863,-0.295,-0.172,-167.615,0,0,0,0
65864,-0.306,-0.177,-167.615,0,0,0,0
65865,-0.316,-0.187,-167.616,0,0,0,0
65866,-0.315,-0.187,-167.616,0,0,0,0
65867,-0.316,-0.18,-167.617,0,0,0,0
65868,-0.311,-0.178,-167.617,0,0,0,0
65869,-0.305,-0.17,-167.618,0,0,0,0
65870,-0.306,-0.167,-167.619,0,0,0,0
65871,-0.308,-0.178,-167.62,0,0,0,0
65872,-0.313,-0.172,-167.624,0,0,0,0
65873,-0.322,-0.166,-167.625,0,0,0,0
65874,-0.332,-0.169,-167.626,0,0,0,0
65875,-0.333,-0.165,-167.626,0,0,0,0
65876,-0.334,-0.178,-167.627,0,0,0,0
65877,-0.34,-0.177,-167.629,0,0,0,0
65878,-0.348,-0.171,-167.63,0,0,0,0
65879,-0.348,-0.178,-167.633,0,0,0,0
65880,-0.357,-0.172,-167.632,0,0,0,0
65881,-0.364,-0.167,-167.632,0,0,0,0
65882,-0.372,-0.165,-167.633,0,0,0,0
65883,-0.382,-0.167,-167.636,0,0,0,0
65884,-0.39,-0.174,-167.637,0,0,0,0
65885,-0.389,-0.176,-167.639,0,0,0,0
65886,-0.391,-0.171,-167.638,0,0,0,0
65887,-0.384,-0.175,-167.638,0,0,0,0
65888,-0.384,-0.172,-167.638,0,0,0,0
65889,-0.391,-0.167,-167.642,0,0,0,0
65890,-0.382,-0.167,-167.645,0,0,0,0
65891,-0.379,-0.162,-167.643,0,0,0,0
65892,-0.381,-0.167,-167.644,0,0,0,0
65893,-0.378,-0.168,-167.646,0,0,0,0
65894,-0.383,-0.168,-167.647,0,0,0,0
65895,-0.378,-0.164,-167.647,0,0,0,0
65896,-0.387,-0.164,-167.648,0,0,0,0
65897,-0.392,-0.166,-167.648,0,0,0,0
65898,-0.384,-0.177,-167.65,0,0,0,0
65899,-0.374,-0.187,-167.65,0,0,0,0
65900,-0.367,-0.181,-167.652,0,0,0,0
65902,-0.381,-0.177,-167.656,0,0,0,0
65903,-0.379,-0.17,-167.658,0,0,0,0
65904,-0.375,-0.165,-167.656,0,0,0,0
